!This is the input file for ImpactT. It is generated by GUI.
!If you meet any bug, please contact zhicongliu@lbl.gov

1 1 0
2.5e-13 100 1
6 1000 1 0 2 1 0.02
32 32 32 1 0.002 0.002 5.0
3 0 0 100 1.2e-11
0.0005 0.0009 0.0 1.0 1.0 0.0 0.0 
0.0005 0.0009 0.0 1.0 1.0 0.0 0.0 
5.934e-06 0.0 0.0 5.934e-07 0.0 0.0 0.001978 
2.856 1.0 0.511005e+06 -1.0 11424000000.0 0.0

!===========LATTICE===========
0.0 1 1 -5 0.0 1 -0.1 / 
0.0866528 10 20 111 0.0 -111.11 11424.0e6 292.0 1.0 0.002 0.0 0.0 0.0 0.0 0.0 /
0.2 10 20 105 0.0 0.000 00000.000 000.0 102.0 0.01 0.0000 0.0000 0.000 0.000 0.0 0.5658/
0.0 1 1 -4 0.20 1.0 0.20 0.5e-12 / 
0.34 10 20 000 0.20 0.150 / 
