  0.000000E+00    160000    160000    160000
  0.200000E-01    160000    160000    160000
  0.400000E-01    160000    160000    160000
  0.600000E-01    160000    160000    160000
  0.800000E-01    160000    160000    160000
  0.100000E+00    160000    160000    160000
  0.130000E+00    160000    160000    160000
  0.160000E+00    160000    160000    160000
  0.190000E+00    160000    160000    160000
  0.220000E+00    160000    160000    160000
  0.250000E+00    160000    160000    160000
  0.270000E+00    160000    160000    160000
  0.290000E+00    160000    160000    160000
  0.310000E+00    160000    160000    160000
  0.330000E+00    160000    160000    160000
  0.350000E+00    160000    160000    160000
  0.380000E+00    160000    160000    160000
  0.410000E+00    160000    160000    160000
  0.440000E+00    160000    160000    160000
  0.470000E+00    160000    160000    160000
  0.500000E+00    160000    160000    160000
  0.520000E+00    160000    160000    160000
  0.540000E+00    160000    160000    160000
  0.560000E+00    160000    160000    160000
  0.580000E+00    160000    160000    160000
  0.600000E+00    160000    160000    160000
  0.630000E+00    160000    160000    160000
  0.660000E+00    160000    160000    160000
  0.690000E+00    160000    160000    160000
  0.720000E+00    160000    160000    160000
  0.750000E+00    160000    160000    160000
  0.770000E+00    160000    160000    160000
  0.790000E+00    160000    160000    160000
  0.810000E+00    160000    160000    160000
  0.830000E+00    160000    160000    160000
  0.850000E+00    160000    160000    160000
  0.880000E+00    160000    160000    160000
  0.910000E+00    160000    160000    160000
  0.940000E+00    160000    160000    160000
  0.970000E+00    160000    160000    160000
  0.100000E+01    160000    160000    160000
  0.102000E+01    160000    160000    160000
  0.104000E+01    160000    160000    160000
  0.106000E+01    160000    160000    160000
  0.108000E+01    160000    160000    160000
  0.110000E+01    160000    160000    160000
  0.113000E+01    160000    160000    160000
  0.116000E+01    160000    160000    160000
  0.119000E+01    160000    160000    160000
  0.122000E+01    160000    160000    160000
  0.125000E+01    160000    160000    160000
  0.127000E+01    160000    160000    160000
  0.129000E+01    160000    160000    160000
  0.131000E+01    160000    160000    160000
  0.133000E+01    160000    160000    160000
  0.135000E+01    160000    160000    160000
  0.138000E+01    160000    160000    160000
  0.141000E+01    160000    160000    160000
  0.144000E+01    160000    160000    160000
  0.147000E+01    160000    160000    160000
  0.150000E+01    160000    160000    160000
  0.152000E+01    160000    160000    160000
  0.154000E+01    160000    160000    160000
  0.156000E+01    160000    160000    160000
  0.158000E+01    160000    160000    160000
  0.160000E+01    160000    160000    160000
  0.163000E+01    160000    160000    160000
  0.166000E+01    160000    160000    160000
  0.169000E+01    160000    160000    160000
  0.172000E+01    160000    160000    160000
  0.175000E+01    160000    160000    160000
  0.177000E+01    160000    160000    160000
  0.179000E+01    160000    160000    160000
  0.181000E+01    160000    160000    160000
  0.183000E+01    160000    160000    160000
  0.185000E+01    160000    160000    160000
  0.188000E+01    160000    160000    160000
  0.191000E+01    160000    160000    160000
  0.194000E+01    160000    160000    160000
  0.197000E+01    160000    160000    160000
  0.200000E+01    160000    160000    160000
  0.202000E+01    160000    160000    160000
  0.204000E+01    160000    160000    160000
  0.206000E+01    160000    160000    160000
  0.208000E+01    160000    160000    160000
  0.210000E+01    160000    160000    160000
  0.213000E+01    160000    160000    160000
  0.216000E+01    160000    160000    160000
  0.219000E+01    160000    160000    160000
  0.222000E+01    160000    160000    160000
  0.225000E+01    160000    160000    160000
  0.227000E+01    160000    160000    160000
  0.229000E+01    160000    160000    160000
  0.231000E+01    160000    160000    160000
  0.233000E+01    160000    160000    160000
  0.235000E+01    160000    160000    160000
  0.238000E+01    160000    160000    160000
  0.241000E+01    160000    160000    160000
  0.244000E+01    160000    160000    160000
  0.247000E+01    160000    160000    160000
  0.250000E+01    160000    160000    160000
  0.252000E+01    160000    160000    160000
  0.254000E+01    160000    160000    160000
  0.256000E+01    160000    160000    160000
  0.258000E+01    160000    160000    160000
  0.260000E+01    160000    160000    160000
  0.263000E+01    160000    160000    160000
  0.266000E+01    160000    160000    160000
  0.269000E+01    160000    160000    160000
  0.272000E+01    160000    160000    160000
  0.275000E+01    160000    160000    160000
  0.277000E+01    160000    160000    160000
  0.279000E+01    160000    160000    160000
  0.281000E+01    160000    160000    160000
  0.283000E+01    160000    160000    160000
  0.285000E+01    160000    160000    160000
  0.288000E+01    160000    160000    160000
  0.291000E+01    160000    160000    160000
  0.294000E+01    160000    160000    160000
  0.297000E+01    160000    160000    160000
  0.300000E+01    160000    160000    160000
  0.302000E+01    160000    160000    160000
  0.304000E+01    160000    160000    160000
  0.306000E+01    160000    160000    160000
  0.308000E+01    160000    160000    160000
  0.310000E+01    160000    160000    160000
  0.313000E+01    160000    160000    160000
  0.316000E+01    160000    160000    160000
  0.319000E+01    160000    160000    160000
  0.322000E+01    160000    160000    160000
  0.325000E+01    160000    160000    160000
  0.327000E+01    160000    160000    160000
  0.329000E+01    160000    160000    160000
  0.331000E+01    160000    160000    160000
  0.333000E+01    160000    160000    160000
  0.335000E+01    160000    160000    160000
  0.338000E+01    160000    160000    160000
  0.341000E+01    160000    160000    160000
  0.344000E+01    160000    160000    160000
  0.347000E+01    160000    160000    160000
  0.350000E+01    160000    160000    160000
  0.352000E+01    160000    160000    160000
  0.354000E+01    160000    160000    160000
  0.356000E+01    160000    160000    160000
  0.358000E+01    160000    160000    160000
  0.360000E+01    160000    160000    160000
  0.363000E+01    160000    160000    160000
  0.366000E+01    160000    160000    160000
  0.369000E+01    160000    160000    160000
  0.372000E+01    160000    160000    160000
  0.375000E+01    160000    160000    160000
  0.377000E+01    160000    160000    160000
  0.379000E+01    160000    160000    160000
  0.381000E+01    160000    160000    160000
  0.383000E+01    160000    160000    160000
  0.385000E+01    160000    160000    160000
  0.388000E+01    160000    160000    160000
  0.391000E+01    160000    160000    160000
  0.394000E+01    160000    160000    160000
  0.397000E+01    160000    160000    160000
  0.400000E+01    160000    160000    160000
  0.402000E+01    160000    160000    160000
  0.404000E+01    160000    160000    160000
  0.406000E+01    160000    160000    160000
  0.408000E+01    160000    160000    160000
  0.410000E+01    160000    160000    160000
  0.413000E+01    160000    160000    160000
  0.416000E+01    160000    160000    160000
  0.419000E+01    160000    160000    160000
  0.422000E+01    160000    160000    160000
  0.425000E+01    160000    160000    160000
  0.427000E+01    160000    160000    160000
  0.429000E+01    160000    160000    160000
  0.431000E+01    160000    160000    160000
  0.433000E+01    160000    160000    160000
  0.435000E+01    160000    160000    160000
  0.438000E+01    160000    160000    160000
  0.441000E+01    160000    160000    160000
  0.444000E+01    160000    160000    160000
  0.447000E+01    160000    160000    160000
  0.450000E+01    160000    160000    160000
  0.452000E+01    160000    160000    160000
  0.454000E+01    160000    160000    160000
  0.456000E+01    160000    160000    160000
  0.458000E+01    160000    160000    160000
  0.460000E+01    160000    160000    160000
  0.463000E+01    160000    160000    160000
  0.466000E+01    160000    160000    160000
  0.469000E+01    160000    160000    160000
  0.472000E+01    160000    160000    160000
  0.475000E+01    160000    160000    160000
  0.477000E+01    160000    160000    160000
  0.479000E+01    160000    160000    160000
  0.481000E+01    160000    160000    160000
  0.483000E+01    160000    160000    160000
  0.485000E+01    160000    160000    160000
  0.488000E+01    160000    160000    160000
  0.491000E+01    160000    160000    160000
  0.494000E+01    160000    160000    160000
  0.497000E+01    160000    160000    160000
  0.500000E+01    160000    160000    160000
  0.502000E+01    160000    160000    160000
  0.504000E+01    160000    160000    160000
  0.506000E+01    160000    160000    160000
  0.508000E+01    160000    160000    160000
  0.510000E+01    160000    160000    160000
  0.513000E+01    160000    160000    160000
  0.516000E+01    160000    160000    160000
  0.519000E+01    160000    160000    160000
  0.522000E+01    160000    160000    160000
  0.525000E+01    160000    160000    160000
  0.527000E+01    160000    160000    160000
  0.529000E+01    160000    160000    160000
  0.531000E+01    160000    160000    160000
  0.533000E+01    160000    160000    160000
  0.535000E+01    160000    160000    160000
  0.538000E+01    160000    160000    160000
  0.541000E+01    160000    160000    160000
  0.544000E+01    160000    160000    160000
  0.547000E+01    160000    160000    160000
  0.550000E+01    160000    160000    160000
  0.552000E+01    160000    160000    160000
  0.554000E+01    160000    160000    160000
  0.556000E+01    160000    160000    160000
  0.558000E+01    160000    160000    160000
  0.560000E+01    160000    160000    160000
  0.563000E+01    160000    160000    160000
  0.566000E+01    160000    160000    160000
  0.569000E+01    160000    160000    160000
  0.572000E+01    160000    160000    160000
  0.575000E+01    160000    160000    160000
  0.577000E+01    160000    160000    160000
  0.579000E+01    160000    160000    160000
  0.581000E+01    160000    160000    160000
  0.583000E+01    160000    160000    160000
  0.585000E+01    160000    160000    160000
  0.588000E+01    160000    160000    160000
  0.591000E+01    160000    160000    160000
  0.594000E+01    160000    160000    160000
  0.597000E+01    160000    160000    160000
  0.600000E+01    160000    160000    160000
  0.602000E+01    160000    160000    160000
  0.604000E+01    160000    160000    160000
  0.606000E+01    160000    160000    160000
  0.608000E+01    160000    160000    160000
  0.610000E+01    160000    160000    160000
  0.613000E+01    160000    160000    160000
  0.616000E+01    160000    160000    160000
  0.619000E+01    160000    160000    160000
  0.622000E+01    160000    160000    160000
  0.625000E+01    160000    160000    160000
  0.627000E+01    160000    160000    160000
  0.629000E+01    160000    160000    160000
  0.631000E+01    160000    160000    160000
  0.633000E+01    160000    160000    160000
  0.635000E+01    160000    160000    160000
  0.638000E+01    160000    160000    160000
  0.641000E+01    160000    160000    160000
  0.644000E+01    160000    160000    160000
  0.647000E+01    160000    160000    160000
  0.650000E+01    160000    160000    160000
  0.652000E+01    160000    160000    160000
  0.654000E+01    160000    160000    160000
  0.656000E+01    160000    160000    160000
  0.658000E+01    160000    160000    160000
  0.660000E+01    160000    160000    160000
  0.663000E+01    160000    160000    160000
  0.666000E+01    160000    160000    160000
  0.669000E+01    160000    160000    160000
  0.672000E+01    160000    160000    160000
  0.675000E+01    160000    160000    160000
  0.677000E+01    160000    160000    160000
  0.679000E+01    160000    160000    160000
  0.681000E+01    160000    160000    160000
  0.683000E+01    160000    160000    160000
  0.685000E+01    160000    160000    160000
  0.688000E+01    160000    160000    160000
  0.691000E+01    160000    160000    160000
  0.694000E+01    160000    160000    160000
  0.697000E+01    160000    160000    160000
  0.700000E+01    160000    160000    160000
  0.702000E+01    160000    160000    160000
  0.704000E+01    160000    160000    160000
  0.706000E+01    160000    160000    160000
  0.708000E+01    160000    160000    160000
  0.710000E+01    160000    160000    160000
  0.713000E+01    160000    160000    160000
  0.716000E+01    160000    160000    160000
  0.719000E+01    160000    160000    160000
  0.722000E+01    160000    160000    160000
  0.725000E+01    160000    160000    160000
  0.727000E+01    160000    160000    160000
  0.729000E+01    160000    160000    160000
  0.731000E+01    160000    160000    160000
  0.733000E+01    160000    160000    160000
  0.735000E+01    160000    160000    160000
  0.738000E+01    160000    160000    160000
  0.741000E+01    160000    160000    160000
  0.744000E+01    160000    160000    160000
  0.747000E+01    160000    160000    160000
  0.750000E+01    160000    160000    160000
  0.752000E+01    160000    160000    160000
  0.754000E+01    160000    160000    160000
  0.756000E+01    160000    160000    160000
  0.758000E+01    160000    160000    160000
  0.760000E+01    160000    160000    160000
  0.763000E+01    160000    160000    160000
  0.766000E+01    160000    160000    160000
  0.769000E+01    160000    160000    160000
  0.772000E+01    160000    160000    160000
  0.775000E+01    160000    160000    160000
  0.777000E+01    160000    160000    160000
  0.779000E+01    160000    160000    160000
  0.781000E+01    160000    160000    160000
  0.783000E+01    160000    160000    160000
  0.785000E+01    160000    160000    160000
  0.788000E+01    160000    160000    160000
  0.791000E+01    160000    160000    160000
  0.794000E+01    160000    160000    160000
  0.797000E+01    160000    160000    160000
  0.800000E+01    160000    160000    160000
  0.802000E+01    160000    160000    160000
  0.804000E+01    160000    160000    160000
  0.806000E+01    160000    160000    160000
  0.808000E+01    160000    160000    160000
  0.810000E+01    160000    160000    160000
  0.813000E+01    160000    160000    160000
  0.816000E+01    160000    160000    160000
  0.819000E+01    160000    160000    160000
  0.822000E+01    160000    160000    160000
  0.825000E+01    160000    160000    160000
  0.827000E+01    160000    160000    160000
  0.829000E+01    160000    160000    160000
  0.831000E+01    160000    160000    160000
  0.833000E+01    160000    160000    160000
  0.835000E+01    160000    160000    160000
  0.838000E+01    160000    160000    160000
  0.841000E+01    160000    160000    160000
  0.844000E+01    160000    160000    160000
  0.847000E+01    160000    160000    160000
  0.850000E+01    160000    160000    160000
  0.852000E+01    160000    160000    160000
  0.854000E+01    160000    160000    160000
  0.856000E+01    160000    160000    160000
  0.858000E+01    160000    160000    160000
  0.860000E+01    160000    160000    160000
  0.863000E+01    160000    160000    160000
  0.866000E+01    160000    160000    160000
  0.869000E+01    160000    160000    160000
  0.872000E+01    160000    160000    160000
  0.875000E+01    160000    160000    160000
  0.877000E+01    160000    160000    160000
  0.879000E+01    160000    160000    160000
  0.881000E+01    160000    160000    160000
  0.883000E+01    160000    160000    160000
  0.885000E+01    160000    160000    160000
  0.888000E+01    160000    160000    160000
  0.891000E+01    160000    160000    160000
  0.894000E+01    160000    160000    160000
  0.897000E+01    160000    160000    160000
  0.900000E+01    160000    160000    160000
  0.902000E+01    160000    160000    160000
  0.904000E+01    160000    160000    160000
  0.906000E+01    160000    160000    160000
  0.908000E+01    160000    160000    160000
  0.910000E+01    160000    160000    160000
  0.913000E+01    160000    160000    160000
  0.916000E+01    160000    160000    160000
  0.919000E+01    160000    160000    160000
  0.922000E+01    160000    160000    160000
  0.925000E+01    160000    160000    160000
  0.927000E+01    160000    160000    160000
  0.929000E+01    160000    160000    160000
  0.931000E+01    160000    160000    160000
  0.933000E+01    160000    160000    160000
  0.935000E+01    160000    160000    160000
  0.938000E+01    160000    160000    160000
  0.941000E+01    160000    160000    160000
  0.944000E+01    160000    160000    160000
  0.947000E+01    160000    160000    160000
  0.950000E+01    160000    160000    160000
  0.952000E+01    160000    160000    160000
  0.954000E+01    160000    160000    160000
  0.956000E+01    160000    160000    160000
  0.958000E+01    160000    160000    160000
  0.960000E+01    160000    160000    160000
  0.963000E+01    160000    160000    160000
  0.966000E+01    160000    160000    160000
  0.969000E+01    160000    160000    160000
  0.972000E+01    160000    160000    160000
  0.975000E+01    160000    160000    160000
  0.977000E+01    160000    160000    160000
  0.979000E+01    160000    160000    160000
  0.981000E+01    160000    160000    160000
  0.983000E+01    160000    160000    160000
  0.985000E+01    160000    160000    160000
  0.988000E+01    160000    160000    160000
  0.991000E+01    160000    160000    160000
  0.994000E+01    160000    160000    160000
  0.997000E+01    160000    160000    160000
  0.100000E+02    160000    160000    160000
