  0.000000E+00  0.341628E-02  0.352815E-02  0.333359E-02  0.366142E-02  0.268358E+02  0.191966E+01
  0.200000E-01  0.344220E-02  0.364581E-02  0.335665E-02  0.366628E-02  0.268355E+02  0.191512E+01
  0.400000E-01  0.345930E-02  0.381323E-02  0.336991E-02  0.367192E-02  0.268352E+02  0.191064E+01
  0.600000E-01  0.346755E-02  0.396926E-02  0.337330E-02  0.366571E-02  0.268349E+02  0.190618E+01
  0.800000E-01  0.346692E-02  0.411354E-02  0.336682E-02  0.364774E-02  0.268346E+02  0.190169E+01
  0.100000E+00  0.345741E-02  0.424569E-02  0.335047E-02  0.373182E-02  0.268344E+02  0.189714E+01
  0.130000E+00  0.343824E-02  0.424148E-02  0.331878E-02  0.381446E-02  0.268339E+02  0.189014E+01
  0.160000E+00  0.342250E-02  0.423789E-02  0.328755E-02  0.388399E-02  0.268335E+02  0.188298E+01
  0.190000E+00  0.341026E-02  0.423524E-02  0.325674E-02  0.393932E-02  0.268331E+02  0.187570E+01
  0.220000E+00  0.340156E-02  0.423390E-02  0.322632E-02  0.397929E-02  0.268326E+02  0.186834E+01
  0.250000E+00  0.339648E-02  0.423405E-02  0.319626E-02  0.400232E-02  0.268322E+02  0.186113E+01
  0.270000E+00  0.339517E-02  0.423490E-02  0.317641E-02  0.400273E-02  0.268319E+02  0.185494E+01
  0.290000E+00  0.339555E-02  0.423629E-02  0.316032E-02  0.399071E-02  0.268316E+02  0.184913E+01
  0.310000E+00  0.339767E-02  0.423816E-02  0.317048E-02  0.396587E-02  0.268313E+02  0.184368E+01
  0.330000E+00  0.340160E-02  0.424047E-02  0.318051E-02  0.392790E-02  0.268310E+02  0.183857E+01
  0.350000E+00  0.340738E-02  0.424313E-02  0.319040E-02  0.387655E-02  0.268307E+02  0.183381E+01
  0.380000E+00  0.341968E-02  0.424765E-02  0.320499E-02  0.377398E-02  0.268302E+02  0.183008E+01
  0.410000E+00  0.343658E-02  0.425258E-02  0.321926E-02  0.364433E-02  0.268297E+02  0.182702E+01
  0.440000E+00  0.345840E-02  0.429858E-02  0.323322E-02  0.363954E-02  0.268291E+02  0.182461E+01
  0.470000E+00  0.348551E-02  0.447276E-02  0.325367E-02  0.362788E-02  0.268286E+02  0.182278E+01
  0.500000E+00  0.351836E-02  0.464506E-02  0.328391E-02  0.360814E-02  0.268281E+02  0.182148E+01
  0.520000E+00  0.353838E-02  0.433899E-02  0.329832E-02  0.356274E-02  0.268278E+02  0.182089E+01
  0.540000E+00  0.355068E-02  0.453746E-02  0.333008E-02  0.351903E-02  0.268275E+02  0.182049E+01
  0.560000E+00  0.355532E-02  0.473985E-02  0.336634E-02  0.350137E-02  0.268271E+02  0.182029E+01
  0.580000E+00  0.355238E-02  0.492679E-02  0.339470E-02  0.362988E-02  0.268268E+02  0.182028E+01
  0.600000E+00  0.354197E-02  0.509419E-02  0.341527E-02  0.381097E-02  0.268264E+02  0.182045E+01
  0.630000E+00  0.352454E-02  0.512288E-02  0.344340E-02  0.388397E-02  0.268259E+02  0.182106E+01
  0.660000E+00  0.351484E-02  0.511796E-02  0.347805E-02  0.394675E-02  0.268254E+02  0.182209E+01
  0.690000E+00  0.351329E-02  0.506498E-02  0.352001E-02  0.399908E-02  0.268249E+02  0.182352E+01
  0.720000E+00  0.351999E-02  0.498527E-02  0.357019E-02  0.404115E-02  0.268244E+02  0.182533E+01
  0.750000E+00  0.353480E-02  0.491863E-02  0.362962E-02  0.407280E-02  0.268239E+02  0.182750E+01
  0.770000E+00  0.354913E-02  0.489039E-02  0.367464E-02  0.408748E-02  0.268236E+02  0.182725E+01
  0.790000E+00  0.356698E-02  0.487290E-02  0.372390E-02  0.409669E-02  0.268232E+02  0.182713E+01
  0.810000E+00  0.359689E-02  0.486368E-02  0.377725E-02  0.410522E-02  0.268229E+02  0.182714E+01
  0.830000E+00  0.362525E-02  0.486034E-02  0.383454E-02  0.411285E-02  0.268225E+02  0.182726E+01
  0.850000E+00  0.365005E-02  0.486055E-02  0.389558E-02  0.411928E-02  0.268221E+02  0.182748E+01
  0.880000E+00  0.368832E-02  0.486825E-02  0.399358E-02  0.412609E-02  0.268215E+02  0.183079E+01
  0.910000E+00  0.374090E-02  0.489533E-02  0.409860E-02  0.412872E-02  0.268209E+02  0.183425E+01
  0.940000E+00  0.379760E-02  0.494757E-02  0.420962E-02  0.412640E-02  0.268203E+02  0.183779E+01
  0.970000E+00  0.385730E-02  0.502914E-02  0.432558E-02  0.411850E-02  0.268198E+02  0.184137E+01
  0.100000E+01  0.391891E-02  0.514251E-02  0.444534E-02  0.410986E-02  0.268192E+02  0.184494E+01
  0.102000E+01  0.395475E-02  0.505963E-02  0.451998E-02  0.402753E-02  0.268188E+02  0.185115E+01
  0.104000E+01  0.397892E-02  0.495766E-02  0.458173E-02  0.393734E-02  0.268184E+02  0.185708E+01
  0.106000E+01  0.399120E-02  0.483295E-02  0.463003E-02  0.390032E-02  0.268180E+02  0.186263E+01
  0.108000E+01  0.399139E-02  0.468709E-02  0.466445E-02  0.401296E-02  0.268176E+02  0.186890E+01
  0.110000E+01  0.397939E-02  0.452146E-02  0.468470E-02  0.412524E-02  0.268172E+02  0.187757E+01
  0.113000E+01  0.395181E-02  0.461643E-02  0.470384E-02  0.414594E-02  0.268166E+02  0.189114E+01
  0.116000E+01  0.392338E-02  0.470062E-02  0.472197E-02  0.416227E-02  0.268161E+02  0.190540E+01
  0.119000E+01  0.389439E-02  0.477466E-02  0.473905E-02  0.417332E-02  0.268155E+02  0.191977E+01
  0.122000E+01  0.386535E-02  0.485184E-02  0.475504E-02  0.417819E-02  0.268149E+02  0.193321E+01
  0.125000E+01  0.384767E-02  0.493479E-02  0.476997E-02  0.417745E-02  0.268143E+02  0.194568E+01
  0.127000E+01  0.384948E-02  0.499205E-02  0.477933E-02  0.417499E-02  0.268139E+02  0.195718E+01
  0.129000E+01  0.385030E-02  0.505010E-02  0.478825E-02  0.417071E-02  0.268135E+02  0.196825E+01
  0.131000E+01  0.385015E-02  0.510829E-02  0.479672E-02  0.416443E-02  0.268131E+02  0.197889E+01
  0.133000E+01  0.384908E-02  0.516606E-02  0.480478E-02  0.415594E-02  0.268127E+02  0.198910E+01
  0.135000E+01  0.384711E-02  0.522288E-02  0.481243E-02  0.414506E-02  0.268122E+02  0.199888E+01
  0.138000E+01  0.386026E-02  0.527360E-02  0.482320E-02  0.412390E-02  0.268116E+02  0.200719E+01
  0.141000E+01  0.387588E-02  0.527880E-02  0.483317E-02  0.409645E-02  0.268109E+02  0.201461E+01
  0.144000E+01  0.388949E-02  0.524561E-02  0.484244E-02  0.406656E-02  0.268102E+02  0.202117E+01
  0.147000E+01  0.392614E-02  0.518124E-02  0.485106E-02  0.404733E-02  0.268096E+02  0.202694E+01
  0.150000E+01  0.398356E-02  0.513282E-02  0.485912E-02  0.403966E-02  0.268089E+02  0.203199E+01
  0.152000E+01  0.401496E-02  0.473228E-02  0.485693E-02  0.392504E-02  0.268084E+02  0.203497E+01
  0.154000E+01  0.403365E-02  0.471633E-02  0.483999E-02  0.380397E-02  0.268080E+02  0.203767E+01
  0.156000E+01  0.403958E-02  0.493056E-02  0.480840E-02  0.383734E-02  0.268076E+02  0.204015E+01
  0.158000E+01  0.403274E-02  0.523065E-02  0.476234E-02  0.390557E-02  0.268071E+02  0.204244E+01
  0.160000E+01  0.401313E-02  0.550545E-02  0.472920E-02  0.396241E-02  0.268067E+02  0.204460E+01
  0.163000E+01  0.402972E-02  0.551748E-02  0.468903E-02  0.396952E-02  0.268060E+02  0.204765E+01
  0.166000E+01  0.408689E-02  0.550746E-02  0.464878E-02  0.397553E-02  0.268053E+02  0.205051E+01
  0.169000E+01  0.414242E-02  0.547442E-02  0.460861E-02  0.398041E-02  0.268047E+02  0.205319E+01
  0.172000E+01  0.419640E-02  0.544011E-02  0.456866E-02  0.398415E-02  0.268040E+02  0.205569E+01
  0.175000E+01  0.424895E-02  0.541147E-02  0.452914E-02  0.399346E-02  0.268033E+02  0.205804E+01
  0.177000E+01  0.428327E-02  0.539642E-02  0.450311E-02  0.400749E-02  0.268029E+02  0.206323E+01
  0.179000E+01  0.431708E-02  0.538520E-02  0.447743E-02  0.402034E-02  0.268024E+02  0.206835E+01
  0.181000E+01  0.435040E-02  0.537833E-02  0.445216E-02  0.403182E-02  0.268020E+02  0.207342E+01
  0.183000E+01  0.438327E-02  0.537633E-02  0.442739E-02  0.404173E-02  0.268015E+02  0.207842E+01
  0.185000E+01  0.441572E-02  0.537775E-02  0.440320E-02  0.404986E-02  0.268010E+02  0.208338E+01
  0.188000E+01  0.446377E-02  0.538331E-02  0.436820E-02  0.405831E-02  0.268002E+02  0.208518E+01
  0.191000E+01  0.451140E-02  0.539214E-02  0.433496E-02  0.405999E-02  0.267995E+02  0.208690E+01
  0.194000E+01  0.455895E-02  0.540330E-02  0.430367E-02  0.405316E-02  0.267987E+02  0.208856E+01
  0.197000E+01  0.460671E-02  0.541582E-02  0.427449E-02  0.403722E-02  0.267980E+02  0.209019E+01
  0.200000E+01  0.465494E-02  0.542565E-02  0.424757E-02  0.401172E-02  0.267972E+02  0.209180E+01
  0.202000E+01  0.468046E-02  0.533938E-02  0.422457E-02  0.384788E-02  0.267967E+02  0.209284E+01
  0.204000E+01  0.469224E-02  0.523294E-02  0.419001E-02  0.370051E-02  0.267962E+02  0.209387E+01
  0.206000E+01  0.469020E-02  0.511063E-02  0.414403E-02  0.382654E-02  0.267958E+02  0.209491E+01
  0.208000E+01  0.467423E-02  0.520455E-02  0.408687E-02  0.421745E-02  0.267953E+02  0.209599E+01
  0.210000E+01  0.464418E-02  0.534739E-02  0.401881E-02  0.467373E-02  0.267948E+02  0.209712E+01
  0.213000E+01  0.458799E-02  0.531244E-02  0.391050E-02  0.465409E-02  0.267940E+02  0.209898E+01
  0.216000E+01  0.453031E-02  0.530050E-02  0.380610E-02  0.465793E-02  0.267933E+02  0.210108E+01
  0.219000E+01  0.447029E-02  0.531430E-02  0.370609E-02  0.468663E-02  0.267925E+02  0.210343E+01
  0.222000E+01  0.440722E-02  0.534072E-02  0.361092E-02  0.470492E-02  0.267918E+02  0.210603E+01
  0.225000E+01  0.434050E-02  0.535625E-02  0.352076E-02  0.470790E-02  0.267910E+02  0.210892E+01
  0.227000E+01  0.429379E-02  0.534666E-02  0.346329E-02  0.470133E-02  0.267905E+02  0.211470E+01
  0.229000E+01  0.424522E-02  0.532103E-02  0.340764E-02  0.468796E-02  0.267900E+02  0.212063E+01
  0.231000E+01  0.419475E-02  0.529619E-02  0.335361E-02  0.466790E-02  0.267895E+02  0.212671E+01
  0.233000E+01  0.414240E-02  0.528689E-02  0.330097E-02  0.464129E-02  0.267889E+02  0.213294E+01
  0.235000E+01  0.408824E-02  0.529411E-02  0.324953E-02  0.460836E-02  0.267884E+02  0.213933E+01
  0.238000E+01  0.400376E-02  0.532171E-02  0.319832E-02  0.456614E-02  0.267875E+02  0.214368E+01
  0.241000E+01  0.394055E-02  0.533960E-02  0.324530E-02  0.454507E-02  0.267867E+02  0.214840E+01
  0.244000E+01  0.393983E-02  0.533774E-02  0.329122E-02  0.454433E-02  0.267859E+02  0.215349E+01
  0.247000E+01  0.398222E-02  0.531800E-02  0.333588E-02  0.456293E-02  0.267851E+02  0.215895E+01
  0.250000E+01  0.402722E-02  0.528234E-02  0.337911E-02  0.459971E-02  0.267842E+02  0.216476E+01
  0.252000E+01  0.405002E-02  0.519352E-02  0.340198E-02  0.482346E-02  0.267837E+02  0.216883E+01
  0.254000E+01  0.405975E-02  0.527154E-02  0.341393E-02  0.503629E-02  0.267831E+02  0.217304E+01
  0.256000E+01  0.405641E-02  0.540402E-02  0.341493E-02  0.522907E-02  0.267826E+02  0.217742E+01
  0.258000E+01  0.404003E-02  0.580949E-02  0.340499E-02  0.540132E-02  0.267820E+02  0.218200E+01
  0.260000E+01  0.401067E-02  0.631686E-02  0.338415E-02  0.555258E-02  0.267815E+02  0.218679E+01
  0.263000E+01  0.395598E-02  0.630220E-02  0.334403E-02  0.557783E-02  0.267806E+02  0.219448E+01
  0.266000E+01  0.391051E-02  0.620755E-02  0.330250E-02  0.559127E-02  0.267798E+02  0.220283E+01
  0.269000E+01  0.386526E-02  0.608168E-02  0.325967E-02  0.559295E-02  0.267790E+02  0.221185E+01
  0.272000E+01  0.381757E-02  0.595552E-02  0.321566E-02  0.559038E-02  0.267781E+02  0.222154E+01
  0.275000E+01  0.376733E-02  0.589626E-02  0.319191E-02  0.558324E-02  0.267773E+02  0.223190E+01
  0.277000E+01  0.373238E-02  0.586743E-02  0.317673E-02  0.557580E-02  0.267768E+02  0.224287E+01
  0.279000E+01  0.369620E-02  0.584098E-02  0.316142E-02  0.556612E-02  0.267762E+02  0.225412E+01
  0.281000E+01  0.371102E-02  0.581761E-02  0.319595E-02  0.555415E-02  0.267756E+02  0.226566E+01
  0.283000E+01  0.375539E-02  0.579800E-02  0.323153E-02  0.554216E-02  0.267750E+02  0.227747E+01
  0.285000E+01  0.380000E-02  0.578282E-02  0.326810E-02  0.553756E-02  0.267744E+02  0.228954E+01
  0.288000E+01  0.386741E-02  0.576965E-02  0.332509E-02  0.554469E-02  0.267735E+02  0.230261E+01
  0.291000E+01  0.393538E-02  0.576865E-02  0.338486E-02  0.556885E-02  0.267726E+02  0.231621E+01
  0.294000E+01  0.400381E-02  0.577790E-02  0.344770E-02  0.561011E-02  0.267717E+02  0.232957E+01
  0.297000E+01  0.407258E-02  0.579563E-02  0.351381E-02  0.566841E-02  0.267708E+02  0.234213E+01
  0.300000E+01  0.414152E-02  0.582004E-02  0.358337E-02  0.571265E-02  0.267699E+02  0.235385E+01
  0.302000E+01  0.418122E-02  0.578625E-02  0.362629E-02  0.550831E-02  0.267693E+02  0.236117E+01
  0.304000E+01  0.420830E-02  0.572985E-02  0.365988E-02  0.527970E-02  0.267687E+02  0.236814E+01
  0.306000E+01  0.422265E-02  0.564681E-02  0.368392E-02  0.502796E-02  0.267680E+02  0.237485E+01
  0.308000E+01  0.422421E-02  0.582357E-02  0.369830E-02  0.496617E-02  0.267674E+02  0.238138E+01
  0.310000E+01  0.421301E-02  0.606866E-02  0.370293E-02  0.501612E-02  0.267668E+02  0.238780E+01
  0.313000E+01  0.418664E-02  0.604454E-02  0.370398E-02  0.501654E-02  0.267659E+02  0.239739E+01
  0.316000E+01  0.416039E-02  0.597872E-02  0.370787E-02  0.501466E-02  0.267650E+02  0.240695E+01
  0.319000E+01  0.413455E-02  0.590850E-02  0.371447E-02  0.501048E-02  0.267641E+02  0.241642E+01
  0.322000E+01  0.410938E-02  0.585321E-02  0.372360E-02  0.500398E-02  0.267632E+02  0.242577E+01
  0.325000E+01  0.408520E-02  0.581910E-02  0.373513E-02  0.499552E-02  0.267623E+02  0.243493E+01
  0.327000E+01  0.406977E-02  0.581119E-02  0.374406E-02  0.499642E-02  0.267617E+02  0.244457E+01
  0.329000E+01  0.405500E-02  0.581707E-02  0.375393E-02  0.500251E-02  0.267611E+02  0.245408E+01
  0.331000E+01  0.404096E-02  0.582938E-02  0.376469E-02  0.501372E-02  0.267604E+02  0.246348E+01
  0.333000E+01  0.402774E-02  0.583906E-02  0.377628E-02  0.502997E-02  0.267598E+02  0.247274E+01
  0.335000E+01  0.402694E-02  0.584473E-02  0.378866E-02  0.505115E-02  0.267591E+02  0.248185E+01
  0.338000E+01  0.408732E-02  0.584294E-02  0.380859E-02  0.509183E-02  0.267581E+02  0.248975E+01
  0.341000E+01  0.414947E-02  0.582520E-02  0.383002E-02  0.514130E-02  0.267572E+02  0.249728E+01
  0.344000E+01  0.421287E-02  0.578838E-02  0.385281E-02  0.517739E-02  0.267562E+02  0.250442E+01
  0.347000E+01  0.427698E-02  0.576435E-02  0.387680E-02  0.520065E-02  0.267552E+02  0.251107E+01
  0.350000E+01  0.435278E-02  0.576009E-02  0.390189E-02  0.521187E-02  0.267542E+02  0.251714E+01
  0.352000E+01  0.440396E-02  0.563723E-02  0.391329E-02  0.494252E-02  0.267535E+02  0.252086E+01
  0.354000E+01  0.444167E-02  0.550479E-02  0.391338E-02  0.465389E-02  0.267529E+02  0.252439E+01
  0.356000E+01  0.446582E-02  0.536179E-02  0.393234E-02  0.434719E-02  0.267522E+02  0.252779E+01
  0.358000E+01  0.447639E-02  0.521693E-02  0.397467E-02  0.420305E-02  0.267515E+02  0.253116E+01
  0.360000E+01  0.447337E-02  0.537184E-02  0.400454E-02  0.426092E-02  0.267509E+02  0.253455E+01
  0.363000E+01  0.445843E-02  0.534382E-02  0.403946E-02  0.425634E-02  0.267499E+02  0.253986E+01
  0.366000E+01  0.444307E-02  0.532039E-02  0.407339E-02  0.424658E-02  0.267489E+02  0.254545E+01
  0.369000E+01  0.442721E-02  0.530403E-02  0.410644E-02  0.423097E-02  0.267479E+02  0.255128E+01
  0.372000E+01  0.441080E-02  0.530268E-02  0.413873E-02  0.420891E-02  0.267469E+02  0.255731E+01
  0.375000E+01  0.439376E-02  0.529528E-02  0.417037E-02  0.417988E-02  0.267460E+02  0.256351E+01
  0.377000E+01  0.438207E-02  0.528670E-02  0.419117E-02  0.415648E-02  0.267453E+02  0.257134E+01
  0.379000E+01  0.437015E-02  0.527947E-02  0.421177E-02  0.413123E-02  0.267446E+02  0.257919E+01
  0.381000E+01  0.435805E-02  0.527442E-02  0.423222E-02  0.411230E-02  0.267439E+02  0.258707E+01
  0.383000E+01  0.434583E-02  0.527234E-02  0.425256E-02  0.409994E-02  0.267432E+02  0.259495E+01
  0.385000E+01  0.433351E-02  0.527397E-02  0.427282E-02  0.409431E-02  0.267425E+02  0.260281E+01
  0.388000E+01  0.431499E-02  0.529271E-02  0.430316E-02  0.409874E-02  0.267415E+02  0.260914E+01
  0.391000E+01  0.432137E-02  0.532046E-02  0.433355E-02  0.411883E-02  0.267404E+02  0.261537E+01
  0.394000E+01  0.437665E-02  0.534314E-02  0.436411E-02  0.415461E-02  0.267393E+02  0.262145E+01
  0.397000E+01  0.443137E-02  0.534625E-02  0.439496E-02  0.420590E-02  0.267383E+02  0.262735E+01
  0.400000E+01  0.448550E-02  0.533331E-02  0.442619E-02  0.425753E-02  0.267372E+02  0.263301E+01
  0.402000E+01  0.451458E-02  0.531528E-02  0.444060E-02  0.407791E-02  0.267365E+02  0.263664E+01
  0.404000E+01  0.454144E-02  0.541487E-02  0.444185E-02  0.389288E-02  0.267358E+02  0.264020E+01
  0.406000E+01  0.455891E-02  0.550082E-02  0.442994E-02  0.381269E-02  0.267351E+02  0.264376E+01
  0.408000E+01  0.456233E-02  0.557311E-02  0.440490E-02  0.396251E-02  0.267343E+02  0.264738E+01
  0.410000E+01  0.455171E-02  0.563173E-02  0.436678E-02  0.419631E-02  0.267336E+02  0.265113E+01
  0.413000E+01  0.452489E-02  0.563337E-02  0.429989E-02  0.419225E-02  0.267326E+02  0.265714E+01
  0.416000E+01  0.449727E-02  0.563999E-02  0.423288E-02  0.417294E-02  0.267315E+02  0.266365E+01
  0.419000E+01  0.446885E-02  0.565141E-02  0.420550E-02  0.413786E-02  0.267304E+02  0.267059E+01
  0.422000E+01  0.443964E-02  0.566739E-02  0.418326E-02  0.411315E-02  0.267294E+02  0.267793E+01
  0.425000E+01  0.442705E-02  0.568591E-02  0.416327E-02  0.410934E-02  0.267283E+02  0.268498E+01
  0.427000E+01  0.442350E-02  0.569036E-02  0.415122E-02  0.410535E-02  0.267276E+02  0.269308E+01
  0.429000E+01  0.441958E-02  0.568862E-02  0.414020E-02  0.410009E-02  0.267268E+02  0.270100E+01
  0.431000E+01  0.441528E-02  0.568080E-02  0.413022E-02  0.409345E-02  0.267261E+02  0.270874E+01
  0.433000E+01  0.441060E-02  0.566708E-02  0.412128E-02  0.411542E-02  0.267254E+02  0.271631E+01
  0.435000E+01  0.440551E-02  0.564768E-02  0.411338E-02  0.414492E-02  0.267246E+02  0.272368E+01
  0.438000E+01  0.442950E-02  0.560835E-02  0.410348E-02  0.418338E-02  0.267235E+02  0.272902E+01
  0.441000E+01  0.446140E-02  0.557535E-02  0.412623E-02  0.421459E-02  0.267223E+02  0.273393E+01
  0.444000E+01  0.449265E-02  0.555465E-02  0.419384E-02  0.423831E-02  0.267212E+02  0.273842E+01
  0.447000E+01  0.452324E-02  0.554531E-02  0.426364E-02  0.425441E-02  0.267200E+02  0.274249E+01
  0.450000E+01  0.455314E-02  0.554642E-02  0.433538E-02  0.426233E-02  0.267189E+02  0.274613E+01
  0.452000E+01  0.456585E-02  0.525845E-02  0.437764E-02  0.423315E-02  0.267181E+02  0.274834E+01
  0.454000E+01  0.456454E-02  0.513615E-02  0.440745E-02  0.442043E-02  0.267173E+02  0.275039E+01
  0.456000E+01  0.456414E-02  0.513602E-02  0.442469E-02  0.463711E-02  0.267166E+02  0.275232E+01
  0.458000E+01  0.456353E-02  0.531524E-02  0.442925E-02  0.510501E-02  0.267158E+02  0.275417E+01
  0.460000E+01  0.454900E-02  0.547412E-02  0.442114E-02  0.554360E-02  0.267150E+02  0.275595E+01
  0.463000E+01  0.451653E-02  0.545636E-02  0.440023E-02  0.550228E-02  0.267139E+02  0.275854E+01
  0.466000E+01  0.448350E-02  0.543932E-02  0.438092E-02  0.546661E-02  0.267127E+02  0.276103E+01
  0.469000E+01  0.444988E-02  0.542431E-02  0.436337E-02  0.545089E-02  0.267116E+02  0.276339E+01
  0.472000E+01  0.441563E-02  0.541281E-02  0.434768E-02  0.545677E-02  0.267104E+02  0.276560E+01
  0.475000E+01  0.438069E-02  0.540753E-02  0.433399E-02  0.548570E-02  0.267093E+02  0.276764E+01
  0.477000E+01  0.435704E-02  0.540908E-02  0.432603E-02  0.551848E-02  0.267085E+02  0.277247E+01
  0.479000E+01  0.433314E-02  0.541447E-02  0.431902E-02  0.554883E-02  0.267077E+02  0.277722E+01
  0.481000E+01  0.430904E-02  0.542352E-02  0.431299E-02  0.556733E-02  0.267069E+02  0.278188E+01
  0.483000E+01  0.428479E-02  0.543596E-02  0.430798E-02  0.557364E-02  0.267061E+02  0.278646E+01
  0.485000E+01  0.426042E-02  0.545153E-02  0.430398E-02  0.556754E-02  0.267053E+02  0.279095E+01
  0.488000E+01  0.422377E-02  0.548011E-02  0.429994E-02  0.553491E-02  0.267041E+02  0.279218E+01
  0.491000E+01  0.418715E-02  0.549514E-02  0.429825E-02  0.547430E-02  0.267029E+02  0.279322E+01
  0.494000E+01  0.417145E-02  0.549115E-02  0.429892E-02  0.541127E-02  0.267016E+02  0.279407E+01
  0.497000E+01  0.420745E-02  0.547013E-02  0.430195E-02  0.537954E-02  0.267004E+02  0.279476E+01
  0.500000E+01  0.424300E-02  0.543425E-02  0.430729E-02  0.537843E-02  0.266992E+02  0.279530E+01
  0.502000E+01  0.426001E-02  0.523088E-02  0.430566E-02  0.549509E-02  0.266983E+02  0.279559E+01
  0.504000E+01  0.426396E-02  0.521907E-02  0.429212E-02  0.560845E-02  0.266975E+02  0.279582E+01
  0.506000E+01  0.425484E-02  0.524112E-02  0.426672E-02  0.571851E-02  0.266967E+02  0.279602E+01
  0.508000E+01  0.423267E-02  0.534940E-02  0.422956E-02  0.581450E-02  0.266959E+02  0.279619E+01
  0.510000E+01  0.419753E-02  0.569241E-02  0.418081E-02  0.588766E-02  0.266951E+02  0.279635E+01
  0.513000E+01  0.417850E-02  0.569851E-02  0.410047E-02  0.593807E-02  0.266938E+02  0.279658E+01
  0.516000E+01  0.419812E-02  0.570409E-02  0.402307E-02  0.597562E-02  0.266926E+02  0.279682E+01
  0.519000E+01  0.421677E-02  0.571832E-02  0.394889E-02  0.599915E-02  0.266914E+02  0.279709E+01
  0.522000E+01  0.423445E-02  0.574181E-02  0.387825E-02  0.600514E-02  0.266901E+02  0.279729E+01
  0.525000E+01  0.425114E-02  0.577528E-02  0.388091E-02  0.598785E-02  0.266889E+02  0.279743E+01
  0.527000E+01  0.426172E-02  0.580359E-02  0.388671E-02  0.596292E-02  0.266881E+02  0.280104E+01
  0.529000E+01  0.427186E-02  0.583183E-02  0.389440E-02  0.592708E-02  0.266872E+02  0.280464E+01
  0.531000E+01  0.428155E-02  0.585447E-02  0.390397E-02  0.588028E-02  0.266864E+02  0.280822E+01
  0.533000E+01  0.429080E-02  0.587117E-02  0.391542E-02  0.582257E-02  0.266855E+02  0.281180E+01
  0.535000E+01  0.429961E-02  0.588158E-02  0.392872E-02  0.577392E-02  0.266847E+02  0.281539E+01
  0.538000E+01  0.431197E-02  0.588470E-02  0.395212E-02  0.574551E-02  0.266834E+02  0.281548E+01
  0.541000E+01  0.432333E-02  0.587187E-02  0.397956E-02  0.576984E-02  0.266820E+02  0.281561E+01
  0.544000E+01  0.433366E-02  0.585420E-02  0.401093E-02  0.584571E-02  0.266807E+02  0.281581E+01
  0.547000E+01  0.434299E-02  0.583958E-02  0.404606E-02  0.597158E-02  0.266794E+02  0.281608E+01
  0.550000E+01  0.435130E-02  0.582869E-02  0.408480E-02  0.608653E-02  0.266781E+02  0.281643E+01
  0.552000E+01  0.434977E-02  0.579314E-02  0.410641E-02  0.579761E-02  0.266772E+02  0.281672E+01
  0.554000E+01  0.435673E-02  0.574242E-02  0.411716E-02  0.547212E-02  0.266764E+02  0.281704E+01
  0.556000E+01  0.436109E-02  0.567848E-02  0.411701E-02  0.550037E-02  0.266755E+02  0.281742E+01
  0.558000E+01  0.435197E-02  0.560459E-02  0.410593E-02  0.550621E-02  0.266746E+02  0.281783E+01
  0.560000E+01  0.432942E-02  0.584263E-02  0.408399E-02  0.548792E-02  0.266737E+02  0.281830E+01
  0.563000E+01  0.428530E-02  0.589831E-02  0.404469E-02  0.550643E-02  0.266724E+02  0.281911E+01
  0.566000E+01  0.424073E-02  0.593143E-02  0.400892E-02  0.550011E-02  0.266711E+02  0.282005E+01
  0.569000E+01  0.419603E-02  0.595092E-02  0.397685E-02  0.546784E-02  0.266698E+02  0.282113E+01
  0.572000E+01  0.415154E-02  0.596737E-02  0.394862E-02  0.540899E-02  0.266685E+02  0.282235E+01
  0.575000E+01  0.411445E-02  0.598840E-02  0.399332E-02  0.532354E-02  0.266672E+02  0.282369E+01
  0.577000E+01  0.410344E-02  0.600146E-02  0.403404E-02  0.525210E-02  0.266663E+02  0.283460E+01
  0.579000E+01  0.409840E-02  0.601097E-02  0.407646E-02  0.520592E-02  0.266654E+02  0.284811E+01
  0.581000E+01  0.413233E-02  0.601438E-02  0.412051E-02  0.518623E-02  0.266645E+02  0.286150E+01
  0.583000E+01  0.416523E-02  0.600909E-02  0.416612E-02  0.519260E-02  0.266636E+02  0.287476E+01
  0.585000E+01  0.419717E-02  0.599250E-02  0.421322E-02  0.522452E-02  0.266627E+02  0.288787E+01
  0.588000E+01  0.424333E-02  0.596388E-02  0.430157E-02  0.531895E-02  0.266613E+02  0.289479E+01
  0.591000E+01  0.428753E-02  0.594057E-02  0.440026E-02  0.546711E-02  0.266599E+02  0.290131E+01
  0.594000E+01  0.432988E-02  0.592763E-02  0.450177E-02  0.562339E-02  0.266585E+02  0.290738E+01
  0.597000E+01  0.437050E-02  0.592981E-02  0.460570E-02  0.572501E-02  0.266571E+02  0.291296E+01
  0.600000E+01  0.440950E-02  0.594732E-02  0.471159E-02  0.577489E-02  0.266557E+02  0.291805E+01
  0.602000E+01  0.442802E-02  0.587195E-02  0.477597E-02  0.539900E-02  0.266548E+02  0.292116E+01
  0.604000E+01  0.443262E-02  0.578113E-02  0.482788E-02  0.498853E-02  0.266539E+02  0.292406E+01
  0.606000E+01  0.445991E-02  0.567654E-02  0.490251E-02  0.454715E-02  0.266530E+02  0.292678E+01
  0.608000E+01  0.448096E-02  0.555973E-02  0.496224E-02  0.452870E-02  0.266520E+02  0.292936E+01
  0.610000E+01  0.448825E-02  0.543222E-02  0.500678E-02  0.461133E-02  0.266511E+02  0.293183E+01
  0.613000E+01  0.448844E-02  0.548926E-02  0.506154E-02  0.464844E-02  0.266497E+02  0.293539E+01
  0.616000E+01  0.448769E-02  0.553306E-02  0.511513E-02  0.467886E-02  0.266483E+02  0.293881E+01
  0.619000E+01  0.448577E-02  0.555966E-02  0.516730E-02  0.470151E-02  0.266469E+02  0.294207E+01
  0.622000E+01  0.448250E-02  0.557069E-02  0.521784E-02  0.471543E-02  0.266456E+02  0.294518E+01
  0.625000E+01  0.447766E-02  0.556809E-02  0.526646E-02  0.471983E-02  0.266442E+02  0.294813E+01
  0.627000E+01  0.447347E-02  0.560726E-02  0.529766E-02  0.472033E-02  0.266432E+02  0.295827E+01
  0.629000E+01  0.446846E-02  0.564814E-02  0.532777E-02  0.471914E-02  0.266423E+02  0.296834E+01
  0.631000E+01  0.446257E-02  0.568675E-02  0.535671E-02  0.471608E-02  0.266413E+02  0.297835E+01
  0.633000E+01  0.445576E-02  0.572385E-02  0.538442E-02  0.471097E-02  0.266404E+02  0.298828E+01
  0.635000E+01  0.444801E-02  0.576016E-02  0.541083E-02  0.470368E-02  0.266394E+02  0.299815E+01
  0.638000E+01  0.443456E-02  0.581466E-02  0.544791E-02  0.468840E-02  0.266379E+02  0.300042E+01
  0.641000E+01  0.441889E-02  0.587122E-02  0.548185E-02  0.466770E-02  0.266365E+02  0.300255E+01
  0.644000E+01  0.440100E-02  0.590188E-02  0.551259E-02  0.469867E-02  0.266350E+02  0.300453E+01
  0.647000E+01  0.440762E-02  0.589119E-02  0.554014E-02  0.473327E-02  0.266335E+02  0.300637E+01
  0.650000E+01  0.448352E-02  0.584804E-02  0.556454E-02  0.474573E-02  0.266321E+02  0.300807E+01
  0.652000E+01  0.452674E-02  0.529634E-02  0.557075E-02  0.452995E-02  0.266311E+02  0.300913E+01
  0.654000E+01  0.455602E-02  0.514403E-02  0.555895E-02  0.440048E-02  0.266301E+02  0.301014E+01
  0.656000E+01  0.457133E-02  0.520544E-02  0.552925E-02  0.426219E-02  0.266291E+02  0.301113E+01
  0.658000E+01  0.457267E-02  0.540198E-02  0.548184E-02  0.439668E-02  0.266281E+02  0.301212E+01
  0.660000E+01  0.456006E-02  0.560723E-02  0.541697E-02  0.470856E-02  0.266272E+02  0.301312E+01
  0.663000E+01  0.453042E-02  0.559286E-02  0.530582E-02  0.471742E-02  0.266257E+02  0.301472E+01
  0.666000E+01  0.450019E-02  0.557563E-02  0.519313E-02  0.472192E-02  0.266242E+02  0.301645E+01
  0.669000E+01  0.446933E-02  0.556067E-02  0.507933E-02  0.472114E-02  0.266228E+02  0.301832E+01
  0.672000E+01  0.443775E-02  0.554972E-02  0.507237E-02  0.471430E-02  0.266213E+02  0.302031E+01
  0.675000E+01  0.440535E-02  0.554461E-02  0.509910E-02  0.470064E-02  0.266198E+02  0.302240E+01
  0.677000E+01  0.439057E-02  0.554541E-02  0.511617E-02  0.468739E-02  0.266188E+02  0.303201E+01
  0.679000E+01  0.438700E-02  0.554785E-02  0.513262E-02  0.467463E-02  0.266178E+02  0.304159E+01
  0.681000E+01  0.438315E-02  0.555041E-02  0.514843E-02  0.466515E-02  0.266168E+02  0.305115E+01
  0.683000E+01  0.439429E-02  0.555267E-02  0.516358E-02  0.465921E-02  0.266158E+02  0.306067E+01
  0.685000E+01  0.444201E-02  0.555424E-02  0.517807E-02  0.465701E-02  0.266148E+02  0.307014E+01
  0.688000E+01  0.451248E-02  0.555439E-02  0.519852E-02  0.466107E-02  0.266132E+02  0.307193E+01
  0.691000E+01  0.458202E-02  0.555068E-02  0.521741E-02  0.467444E-02  0.266117E+02  0.307361E+01
  0.694000E+01  0.465113E-02  0.554444E-02  0.523469E-02  0.469760E-02  0.266101E+02  0.307518E+01
  0.697000E+01  0.472034E-02  0.554004E-02  0.525032E-02  0.472356E-02  0.266086E+02  0.307663E+01
  0.700000E+01  0.479023E-02  0.553961E-02  0.526429E-02  0.474574E-02  0.266070E+02  0.307797E+01
  0.702000E+01  0.483025E-02  0.540040E-02  0.526477E-02  0.476812E-02  0.266060E+02  0.307878E+01
  0.704000E+01  0.485649E-02  0.532531E-02  0.524873E-02  0.477456E-02  0.266050E+02  0.307952E+01
  0.706000E+01  0.486899E-02  0.536802E-02  0.521627E-02  0.513599E-02  0.266039E+02  0.308021E+01
  0.708000E+01  0.486780E-02  0.559558E-02  0.516754E-02  0.562768E-02  0.266029E+02  0.308084E+01
  0.710000E+01  0.485300E-02  0.588441E-02  0.510278E-02  0.611006E-02  0.266019E+02  0.308141E+01
  0.713000E+01  0.482174E-02  0.588037E-02  0.499323E-02  0.606456E-02  0.266003E+02  0.308216E+01
  0.716000E+01  0.479254E-02  0.587025E-02  0.488291E-02  0.604035E-02  0.265988E+02  0.308277E+01
  0.719000E+01  0.476509E-02  0.585253E-02  0.477217E-02  0.604029E-02  0.265972E+02  0.308324E+01
  0.722000E+01  0.473909E-02  0.582571E-02  0.466138E-02  0.606501E-02  0.265956E+02  0.308353E+01
  0.725000E+01  0.471421E-02  0.580195E-02  0.455093E-02  0.606940E-02  0.265941E+02  0.308365E+01
  0.727000E+01  0.469809E-02  0.579024E-02  0.447770E-02  0.606010E-02  0.265931E+02  0.309183E+01
  0.729000E+01  0.468225E-02  0.578121E-02  0.440495E-02  0.604056E-02  0.265920E+02  0.309993E+01
  0.731000E+01  0.466657E-02  0.577419E-02  0.433280E-02  0.601048E-02  0.265909E+02  0.310794E+01
  0.733000E+01  0.465099E-02  0.576844E-02  0.426133E-02  0.596962E-02  0.265899E+02  0.311587E+01
  0.735000E+01  0.463540E-02  0.576317E-02  0.419948E-02  0.592218E-02  0.265888E+02  0.312371E+01
  0.738000E+01  0.461182E-02  0.575947E-02  0.416923E-02  0.587310E-02  0.265872E+02  0.312303E+01
  0.741000E+01  0.458779E-02  0.576288E-02  0.414074E-02  0.585112E-02  0.265855E+02  0.312216E+01
  0.744000E+01  0.456310E-02  0.577167E-02  0.411401E-02  0.585662E-02  0.265839E+02  0.312113E+01
  0.747000E+01  0.453752E-02  0.578398E-02  0.408903E-02  0.588968E-02  0.265823E+02  0.311994E+01
  0.750000E+01  0.451091E-02  0.579779E-02  0.406577E-02  0.593306E-02  0.265806E+02  0.311860E+01
  0.752000E+01  0.448577E-02  0.572525E-02  0.404512E-02  0.610119E-02  0.265795E+02  0.311765E+01
  0.754000E+01  0.444664E-02  0.563138E-02  0.401306E-02  0.624533E-02  0.265785E+02  0.311666E+01
  0.756000E+01  0.439361E-02  0.551730E-02  0.396968E-02  0.636512E-02  0.265774E+02  0.311562E+01
  0.758000E+01  0.432683E-02  0.568166E-02  0.391511E-02  0.646014E-02  0.265763E+02  0.311455E+01
  0.760000E+01  0.425631E-02  0.587387E-02  0.387910E-02  0.652986E-02  0.265752E+02  0.311344E+01
  0.763000E+01  0.417527E-02  0.582846E-02  0.383182E-02  0.651847E-02  0.265736E+02  0.311167E+01
  0.766000E+01  0.413366E-02  0.578290E-02  0.378585E-02  0.649686E-02  0.265719E+02  0.310977E+01
  0.769000E+01  0.412917E-02  0.575000E-02  0.374129E-02  0.646433E-02  0.265703E+02  0.310776E+01
  0.772000E+01  0.412324E-02  0.572787E-02  0.369821E-02  0.642036E-02  0.265687E+02  0.310605E+01
  0.775000E+01  0.411580E-02  0.571414E-02  0.365670E-02  0.637750E-02  0.265670E+02  0.311156E+01
  0.777000E+01  0.410995E-02  0.570831E-02  0.362990E-02  0.636326E-02  0.265659E+02  0.311829E+01
  0.779000E+01  0.410336E-02  0.570536E-02  0.360384E-02  0.636082E-02  0.265648E+02  0.312506E+01
  0.781000E+01  0.409601E-02  0.570650E-02  0.357851E-02  0.637042E-02  0.265637E+02  0.313185E+01
  0.783000E+01  0.408788E-02  0.571252E-02  0.355391E-02  0.639218E-02  0.265626E+02  0.313864E+01
  0.785000E+01  0.407895E-02  0.572418E-02  0.353000E-02  0.642614E-02  0.265615E+02  0.314542E+01
  0.788000E+01  0.408933E-02  0.575243E-02  0.350872E-02  0.647372E-02  0.265597E+02  0.315103E+01
  0.791000E+01  0.416284E-02  0.578960E-02  0.354370E-02  0.649644E-02  0.265580E+02  0.315655E+01
  0.794000E+01  0.423657E-02  0.581222E-02  0.364006E-02  0.649454E-02  0.265563E+02  0.316195E+01
  0.797000E+01  0.431019E-02  0.581003E-02  0.373843E-02  0.646886E-02  0.265546E+02  0.316719E+01
  0.800000E+01  0.438344E-02  0.578845E-02  0.383859E-02  0.643753E-02  0.265529E+02  0.317222E+01
  0.802000E+01  0.442535E-02  0.561655E-02  0.390044E-02  0.609279E-02  0.265517E+02  0.317546E+01
  0.804000E+01  0.445371E-02  0.553121E-02  0.395124E-02  0.573801E-02  0.265506E+02  0.317863E+01
  0.806000E+01  0.446845E-02  0.564143E-02  0.399083E-02  0.576314E-02  0.265495E+02  0.318179E+01
  0.808000E+01  0.446952E-02  0.590123E-02  0.401905E-02  0.588578E-02  0.265483E+02  0.318496E+01
  0.810000E+01  0.445693E-02  0.618573E-02  0.403582E-02  0.598529E-02  0.265472E+02  0.318820E+01
  0.813000E+01  0.442750E-02  0.616873E-02  0.405302E-02  0.598443E-02  0.265455E+02  0.319323E+01
  0.816000E+01  0.439743E-02  0.614157E-02  0.407154E-02  0.597320E-02  0.265438E+02  0.319844E+01
  0.819000E+01  0.436674E-02  0.610321E-02  0.409133E-02  0.595322E-02  0.265420E+02  0.320382E+01
  0.822000E+01  0.433550E-02  0.605278E-02  0.411235E-02  0.592423E-02  0.265403E+02  0.320932E+01
  0.825000E+01  0.430382E-02  0.601037E-02  0.413454E-02  0.588621E-02  0.265386E+02  0.321490E+01
  0.827000E+01  0.428253E-02  0.598945E-02  0.414996E-02  0.585594E-02  0.265375E+02  0.322161E+01
  0.829000E+01  0.426113E-02  0.597465E-02  0.416586E-02  0.583467E-02  0.265363E+02  0.322829E+01
  0.831000E+01  0.424518E-02  0.596611E-02  0.418222E-02  0.582340E-02  0.265352E+02  0.323492E+01
  0.833000E+01  0.425858E-02  0.596391E-02  0.419902E-02  0.582209E-02  0.265340E+02  0.324148E+01
  0.835000E+01  0.427191E-02  0.596809E-02  0.421624E-02  0.583063E-02  0.265328E+02  0.324797E+01
  0.838000E+01  0.429172E-02  0.597470E-02  0.424281E-02  0.586145E-02  0.265310E+02  0.325309E+01
  0.841000E+01  0.432216E-02  0.597932E-02  0.427020E-02  0.591295E-02  0.265292E+02  0.325800E+01
  0.844000E+01  0.441312E-02  0.598214E-02  0.429833E-02  0.594847E-02  0.265274E+02  0.326268E+01
  0.847000E+01  0.450351E-02  0.598337E-02  0.436935E-02  0.596435E-02  0.265256E+02  0.326711E+01
  0.850000E+01  0.459333E-02  0.598301E-02  0.449452E-02  0.596191E-02  0.265238E+02  0.327128E+01
  0.852000E+01  0.464599E-02  0.589253E-02  0.457142E-02  0.567156E-02  0.265226E+02  0.327391E+01
  0.854000E+01  0.468449E-02  0.578334E-02  0.463478E-02  0.535767E-02  0.265214E+02  0.327644E+01
  0.856000E+01  0.470872E-02  0.565553E-02  0.468440E-02  0.511124E-02  0.265203E+02  0.327891E+01
  0.858000E+01  0.471858E-02  0.550900E-02  0.472013E-02  0.505884E-02  0.265191E+02  0.328134E+01
  0.860000E+01  0.471405E-02  0.572774E-02  0.474187E-02  0.498946E-02  0.265179E+02  0.328375E+01
  0.863000E+01  0.469612E-02  0.571745E-02  0.476412E-02  0.497924E-02  0.265161E+02  0.328735E+01
  0.866000E+01  0.467752E-02  0.568816E-02  0.478674E-02  0.497835E-02  0.265143E+02  0.329093E+01
  0.869000E+01  0.465818E-02  0.565456E-02  0.480975E-02  0.498794E-02  0.265125E+02  0.329446E+01
  0.872000E+01  0.463804E-02  0.562701E-02  0.483314E-02  0.500896E-02  0.265107E+02  0.329790E+01
  0.875000E+01  0.461713E-02  0.560819E-02  0.485693E-02  0.504226E-02  0.265089E+02  0.330125E+01
  0.877000E+01  0.460279E-02  0.560184E-02  0.487300E-02  0.506736E-02  0.265077E+02  0.330637E+01
  0.879000E+01  0.458816E-02  0.560132E-02  0.488925E-02  0.508729E-02  0.265065E+02  0.331143E+01
  0.881000E+01  0.457325E-02  0.560659E-02  0.490568E-02  0.510186E-02  0.265053E+02  0.331643E+01
  0.883000E+01  0.455809E-02  0.561147E-02  0.492228E-02  0.511092E-02  0.265041E+02  0.332137E+01
  0.885000E+01  0.454269E-02  0.561535E-02  0.493904E-02  0.511440E-02  0.265028E+02  0.332623E+01
  0.888000E+01  0.451916E-02  0.561812E-02  0.496451E-02  0.510915E-02  0.265010E+02  0.332894E+01
  0.891000E+01  0.449518E-02  0.561558E-02  0.499034E-02  0.509169E-02  0.264991E+02  0.333145E+01
  0.894000E+01  0.453548E-02  0.560620E-02  0.501652E-02  0.507415E-02  0.264972E+02  0.333374E+01
  0.897000E+01  0.459626E-02  0.559449E-02  0.504304E-02  0.506656E-02  0.264953E+02  0.333581E+01
  0.900000E+01  0.467810E-02  0.558809E-02  0.506988E-02  0.506839E-02  0.264935E+02  0.333766E+01
  0.902000E+01  0.472562E-02  0.546949E-02  0.508032E-02  0.469780E-02  0.264922E+02  0.333877E+01
  0.904000E+01  0.475899E-02  0.533807E-02  0.507566E-02  0.449036E-02  0.264910E+02  0.333982E+01
  0.906000E+01  0.477815E-02  0.519438E-02  0.505590E-02  0.439085E-02  0.264897E+02  0.334082E+01
  0.908000E+01  0.478303E-02  0.523473E-02  0.502111E-02  0.444060E-02  0.264885E+02  0.334180E+01
  0.910000E+01  0.477363E-02  0.547910E-02  0.497138E-02  0.455049E-02  0.264873E+02  0.334279E+01
  0.913000E+01  0.474890E-02  0.550524E-02  0.488582E-02  0.455844E-02  0.264854E+02  0.334428E+01
  0.916000E+01  0.472428E-02  0.552051E-02  0.480058E-02  0.456344E-02  0.264835E+02  0.334579E+01
  0.919000E+01  0.469975E-02  0.552667E-02  0.471570E-02  0.456813E-02  0.264816E+02  0.334729E+01
  0.922000E+01  0.467530E-02  0.552611E-02  0.463119E-02  0.457359E-02  0.264798E+02  0.334877E+01
  0.925000E+01  0.465088E-02  0.552572E-02  0.454708E-02  0.457896E-02  0.264779E+02  0.335020E+01
  0.927000E+01  0.463462E-02  0.552732E-02  0.449123E-02  0.458235E-02  0.264766E+02  0.335404E+01
  0.929000E+01  0.461835E-02  0.552967E-02  0.451007E-02  0.458549E-02  0.264754E+02  0.335786E+01
  0.931000E+01  0.460206E-02  0.553210E-02  0.453124E-02  0.458831E-02  0.264741E+02  0.336166E+01
  0.933000E+01  0.458575E-02  0.553389E-02  0.455259E-02  0.459072E-02  0.264728E+02  0.336543E+01
  0.935000E+01  0.456940E-02  0.553431E-02  0.457411E-02  0.459343E-02  0.264715E+02  0.336917E+01
  0.938000E+01  0.458978E-02  0.553093E-02  0.460672E-02  0.459911E-02  0.264696E+02  0.337035E+01
  0.941000E+01  0.463076E-02  0.552581E-02  0.463970E-02  0.460703E-02  0.264676E+02  0.337146E+01
  0.944000E+01  0.467154E-02  0.552044E-02  0.467304E-02  0.461747E-02  0.264657E+02  0.337251E+01
  0.947000E+01  0.471214E-02  0.551629E-02  0.470673E-02  0.463060E-02  0.264637E+02  0.337350E+01
  0.950000E+01  0.479376E-02  0.551484E-02  0.474075E-02  0.464653E-02  0.264618E+02  0.337442E+01
  0.952000E+01  0.484447E-02  0.545533E-02  0.475649E-02  0.474802E-02  0.264605E+02  0.337502E+01
  0.954000E+01  0.488084E-02  0.538178E-02  0.475811E-02  0.493565E-02  0.264592E+02  0.337563E+01
  0.956000E+01  0.490278E-02  0.529395E-02  0.474559E-02  0.510728E-02  0.264579E+02  0.337628E+01
  0.958000E+01  0.491020E-02  0.545828E-02  0.471898E-02  0.526229E-02  0.264566E+02  0.337699E+01
  0.960000E+01  0.490306E-02  0.561430E-02  0.467837E-02  0.563065E-02  0.264553E+02  0.337778E+01
  0.963000E+01  0.488158E-02  0.562610E-02  0.460715E-02  0.564771E-02  0.264534E+02  0.337910E+01
  0.966000E+01  0.486034E-02  0.562510E-02  0.453630E-02  0.565397E-02  0.264514E+02  0.338058E+01
  0.969000E+01  0.483922E-02  0.560571E-02  0.446585E-02  0.564843E-02  0.264494E+02  0.338222E+01
  0.972000E+01  0.481813E-02  0.559001E-02  0.439583E-02  0.563029E-02  0.264475E+02  0.338401E+01
  0.975000E+01  0.479694E-02  0.559955E-02  0.432622E-02  0.561445E-02  0.264455E+02  0.338595E+01
  0.977000E+01  0.478272E-02  0.559930E-02  0.431773E-02  0.560784E-02  0.264442E+02  0.339021E+01
  0.979000E+01  0.476836E-02  0.559202E-02  0.431481E-02  0.560451E-02  0.264429E+02  0.339451E+01
  0.981000E+01  0.475385E-02  0.557613E-02  0.431244E-02  0.560453E-02  0.264416E+02  0.339886E+01
  0.983000E+01  0.473914E-02  0.555944E-02  0.431062E-02  0.560794E-02  0.264403E+02  0.340325E+01
  0.985000E+01  0.472422E-02  0.554671E-02  0.430936E-02  0.561473E-02  0.264389E+02  0.340768E+01
  0.988000E+01  0.470135E-02  0.555612E-02  0.430853E-02  0.562509E-02  0.264369E+02  0.341007E+01
  0.991000E+01  0.467784E-02  0.557710E-02  0.430896E-02  0.562570E-02  0.264349E+02  0.341252E+01
  0.994000E+01  0.465361E-02  0.561305E-02  0.431065E-02  0.561676E-02  0.264328E+02  0.341502E+01
  0.997000E+01  0.462861E-02  0.566710E-02  0.431357E-02  0.559858E-02  0.264308E+02  0.341755E+01
  0.100000E+02  0.460283E-02  0.573325E-02  0.431771E-02  0.557827E-02  0.264288E+02  0.342013E+01
