   0.2997955E+09   0.0000000E+00             NaN   0.0000000E+00   0.0000000E+00   0.0000000E+00             NaN
   0.2902781E+09   0.0000000E+00             NaN   0.0000000E+00   0.0000000E+00   0.0000000E+00             NaN
   0.2807608E+09   0.0000000E+00             NaN   0.0000000E+00   0.0000000E+00   0.0000000E+00             NaN
   0.2712435E+09   0.0000000E+00             NaN   0.0000000E+00   0.0000000E+00   0.0000000E+00             NaN
   0.2617262E+09   0.0000000E+00             NaN   0.0000000E+00   0.0000000E+00   0.0000000E+00             NaN
   0.2522089E+09   0.0000000E+00             NaN   0.0000000E+00   0.0000000E+00   0.0000000E+00             NaN
   0.2426916E+09   0.0000000E+00             NaN   0.0000000E+00   0.0000000E+00   0.0000000E+00             NaN
   0.2331742E+09   0.0000000E+00             NaN   0.0000000E+00   0.0000000E+00   0.0000000E+00             NaN
   0.2236569E+09   0.0000000E+00             NaN   0.0000000E+00   0.0000000E+00   0.0000000E+00             NaN
   0.2141396E+09   0.0000000E+00             NaN   0.0000000E+00   0.0000000E+00   0.0000000E+00             NaN
   0.2046223E+09   0.0000000E+00             NaN   0.0000000E+00   0.0000000E+00   0.0000000E+00             NaN
   0.1951050E+09   0.0000000E+00             NaN   0.0000000E+00   0.0000000E+00   0.0000000E+00             NaN
   0.1855877E+09   0.0000000E+00             NaN   0.0000000E+00   0.0000000E+00   0.0000000E+00             NaN
   0.1760703E+09   0.0000000E+00             NaN   0.0000000E+00   0.0000000E+00   0.0000000E+00             NaN
   0.1665530E+09   0.0000000E+00             NaN   0.0000000E+00   0.0000000E+00   0.0000000E+00             NaN
   0.1570357E+09   0.0000000E+00             NaN   0.0000000E+00   0.0000000E+00   0.0000000E+00             NaN
   0.1475184E+09   0.0000000E+00             NaN   0.0000000E+00   0.0000000E+00   0.0000000E+00             NaN
   0.1380011E+09   0.0000000E+00             NaN   0.0000000E+00   0.0000000E+00   0.0000000E+00             NaN
   0.1284838E+09   0.0000000E+00             NaN   0.0000000E+00   0.0000000E+00   0.0000000E+00             NaN
   0.1189665E+09   0.0000000E+00             NaN   0.0000000E+00   0.0000000E+00   0.0000000E+00             NaN
   0.1094491E+09   0.0000000E+00             NaN   0.0000000E+00   0.0000000E+00   0.0000000E+00             NaN
   0.9993182E+08   0.0000000E+00             NaN   0.0000000E+00   0.0000000E+00   0.0000000E+00             NaN
   0.9041450E+08   0.0000000E+00             NaN   0.0000000E+00   0.0000000E+00   0.0000000E+00             NaN
   0.8089719E+08   0.0000000E+00             NaN   0.0000000E+00   0.0000000E+00   0.0000000E+00             NaN
   0.7137987E+08   0.0000000E+00             NaN   0.0000000E+00   0.0000000E+00   0.0000000E+00             NaN
   0.6186255E+08   0.0000000E+00             NaN   0.0000000E+00   0.0000000E+00   0.0000000E+00             NaN
   0.5234524E+08   0.0000000E+00             NaN   0.0000000E+00   0.0000000E+00   0.0000000E+00             NaN
   0.4282792E+08   0.0000000E+00             NaN   0.0000000E+00   0.0000000E+00   0.0000000E+00             NaN
   0.3331061E+08   0.0000000E+00             NaN   0.0000000E+00   0.0000000E+00   0.0000000E+00             NaN
   0.2379329E+08   0.0000000E+00             NaN   0.0000000E+00   0.0000000E+00   0.0000000E+00             NaN
   0.1427597E+08   0.0000000E+00             NaN   0.0000000E+00   0.0000000E+00   0.0000000E+00             NaN
   0.4758658E+07   0.0000000E+00             NaN   0.0000000E+00   0.0000000E+00   0.0000000E+00             NaN
  -0.4758658E+07   0.0000000E+00             NaN   0.0000000E+00   0.0000000E+00   0.0000000E+00             NaN
  -0.1427597E+08   0.0000000E+00             NaN   0.0000000E+00   0.0000000E+00   0.0000000E+00             NaN
  -0.2379329E+08   0.0000000E+00             NaN   0.0000000E+00   0.0000000E+00   0.0000000E+00             NaN
  -0.3331061E+08   0.0000000E+00             NaN   0.0000000E+00   0.0000000E+00   0.0000000E+00             NaN
  -0.4282792E+08   0.0000000E+00             NaN   0.0000000E+00   0.0000000E+00   0.0000000E+00             NaN
  -0.5234524E+08   0.0000000E+00             NaN   0.0000000E+00   0.0000000E+00   0.0000000E+00             NaN
  -0.6186255E+08   0.0000000E+00             NaN   0.0000000E+00   0.0000000E+00   0.0000000E+00             NaN
  -0.7137987E+08   0.0000000E+00             NaN   0.0000000E+00   0.0000000E+00   0.0000000E+00             NaN
  -0.8089719E+08   0.0000000E+00             NaN   0.0000000E+00   0.0000000E+00   0.0000000E+00             NaN
  -0.9041450E+08   0.0000000E+00             NaN   0.0000000E+00   0.0000000E+00   0.0000000E+00             NaN
  -0.9993182E+08   0.0000000E+00             NaN   0.0000000E+00   0.0000000E+00   0.0000000E+00             NaN
  -0.1094491E+09   0.0000000E+00             NaN   0.0000000E+00   0.0000000E+00   0.0000000E+00             NaN
  -0.1189665E+09   0.0000000E+00             NaN   0.0000000E+00   0.0000000E+00   0.0000000E+00             NaN
  -0.1284838E+09   0.0000000E+00             NaN   0.0000000E+00   0.0000000E+00   0.0000000E+00             NaN
  -0.1380011E+09   0.0000000E+00             NaN   0.0000000E+00   0.0000000E+00   0.0000000E+00             NaN
  -0.1475184E+09   0.0000000E+00             NaN   0.0000000E+00   0.0000000E+00   0.0000000E+00             NaN
  -0.1570357E+09   0.0000000E+00             NaN   0.0000000E+00   0.0000000E+00   0.0000000E+00             NaN
  -0.1665530E+09   0.0000000E+00             NaN   0.0000000E+00   0.0000000E+00   0.0000000E+00             NaN
  -0.1760703E+09   0.0000000E+00             NaN   0.0000000E+00   0.0000000E+00   0.0000000E+00             NaN
  -0.1855877E+09   0.0000000E+00             NaN   0.0000000E+00   0.0000000E+00   0.0000000E+00             NaN
  -0.1951050E+09   0.0000000E+00             NaN   0.0000000E+00   0.0000000E+00   0.0000000E+00             NaN
  -0.2046223E+09   0.0000000E+00             NaN   0.0000000E+00   0.0000000E+00   0.0000000E+00             NaN
  -0.2141396E+09   0.0000000E+00             NaN   0.0000000E+00   0.0000000E+00   0.0000000E+00             NaN
  -0.2236569E+09   0.0000000E+00             NaN   0.0000000E+00   0.0000000E+00   0.0000000E+00             NaN
  -0.2331742E+09   0.0000000E+00             NaN   0.0000000E+00   0.0000000E+00   0.0000000E+00             NaN
  -0.2426916E+09   0.0000000E+00             NaN   0.0000000E+00   0.0000000E+00   0.0000000E+00             NaN
  -0.2522089E+09   0.0000000E+00             NaN   0.0000000E+00   0.0000000E+00   0.0000000E+00             NaN
  -0.2617262E+09   0.0000000E+00             NaN   0.0000000E+00   0.0000000E+00   0.0000000E+00             NaN
  -0.2712435E+09   0.0000000E+00             NaN   0.0000000E+00   0.0000000E+00   0.0000000E+00             NaN
  -0.2807608E+09   0.0000000E+00             NaN   0.0000000E+00   0.0000000E+00   0.0000000E+00             NaN
  -0.2902781E+09   0.0000000E+00             NaN   0.0000000E+00   0.0000000E+00   0.0000000E+00             NaN
  -0.2997955E+09   0.0000000E+00             NaN   0.0000000E+00   0.0000000E+00   0.0000000E+00             NaN
