 0.000000000000000 16000
 2.000000000000000E-02 160000
 4.000000000000000E-02 160000
 6.000000000000000E-02 160000
 8.000000000000000E-02 160000
 9.999999999999999E-02 160000
 0.1300000000000000 160000
 0.1600000000000000 160000
 0.1900000000000001 160000
 0.2200000000000001 160000
 0.2500000000000001 160000
 0.2700000000000001 160000
 0.2900000000000001 160000
 0.3100000000000002 160000
 0.3300000000000002 160000
 0.3500000000000002 160000
 0.3800000000000002 160000
 0.4100000000000003 160000
 0.4400000000000003 160000
 0.4700000000000003 160000
 0.5000000000000003 160000
 0.5200000000000004 160000
 0.5400000000000004 160000
 0.5600000000000004 160000
 0.5800000000000004 160000
 0.6000000000000004 160000
 0.6300000000000004 160000
 0.6600000000000005 160000
 0.6900000000000005 160000
 0.7200000000000005 160000
 0.7500000000000006 160000
 0.7700000000000006 160000
 0.7900000000000006 160000
 0.8100000000000006 160000
 0.8300000000000006 160000
 0.8500000000000006 160000
 0.8800000000000007 160000
 0.9100000000000007 160000
 0.9400000000000007 160000
 0.9700000000000008 160000
 1.000000000000001 160000
 1.020000000000001 160000
 1.040000000000001 160000
 1.060000000000001 160000
 1.080000000000001 160000
 1.100000000000001 160000
 1.130000000000001 160000
 1.160000000000000 160000
 1.190000000000000 160000
 1.220000000000000 160000
 1.250000000000000 160000
 1.270000000000000 160000
 1.290000000000000 160000
 1.310000000000000 160000
 1.330000000000000 160000
 1.350000000000000 160000
 1.380000000000000 160000
 1.409999999999999 160000
 1.439999999999999 160000
 1.469999999999999 160000
 1.499999999999999 160000
 1.519999999999999 160000
 1.539999999999999 160000
 1.559999999999999 160000
 1.579999999999999 160000
 1.599999999999999 160000
 1.629999999999999 160000
 1.659999999999999 160000
 1.689999999999998 160000
 1.719999999999998 160000
 1.749999999999998 160000
 1.769999999999998 160000
 1.789999999999998 160000
 1.809999999999998 160000
 1.829999999999998 160000
 1.849999999999998 160000
 1.879999999999998 160000
 1.909999999999998 160000
 1.939999999999998 160000
 1.969999999999997 160000
 1.999999999999997 160000
 2.019999999999997 160000
 2.039999999999996 160000
 2.059999999999996 160000
 2.079999999999996 160000
 2.099999999999995 160000
 2.129999999999995 160000
 2.159999999999996 160000
 2.189999999999996 160000
 2.219999999999996 160000
 2.249999999999996 160000
 2.269999999999996 160000
 2.289999999999996 160000
 2.309999999999995 160000
 2.329999999999995 160000
 2.349999999999994 160000
 2.379999999999995 160000
 2.409999999999995 160000
 2.439999999999995 160000
 2.469999999999995 160000
 2.499999999999996 160000
 2.519999999999995 160000
 2.539999999999995 160000
 2.559999999999994 160000
 2.579999999999994 160000
 2.599999999999993 160000
 2.629999999999994 160000
 2.659999999999994 160000
 2.689999999999994 160000
 2.719999999999994 160000
 2.749999999999995 160000
 2.769999999999994 160000
 2.789999999999994 160000
 2.809999999999993 160000
 2.829999999999993 160000
 2.849999999999993 160000
 2.879999999999993 160000
 2.909999999999993 160000
 2.939999999999993 160000
 2.969999999999994 160000
 2.999999999999994 160000
 3.019999999999993 160000
 3.039999999999993 160000
 3.059999999999993 160000
 3.079999999999992 160000
 3.099999999999992 160000
 3.129999999999992 160000
 3.159999999999992 160000
 3.189999999999992 160000
 3.219999999999993 160000
 3.249999999999993 160000
 3.269999999999992 160000
 3.289999999999992 160000
 3.309999999999992 160000
 3.329999999999991 160000
 3.349999999999991 160000
 3.379999999999991 160000
 3.409999999999991 160000
 3.439999999999992 160000
 3.469999999999992 160000
 3.499999999999992 160000
 3.519999999999992 160000
 3.539999999999991 160000
 3.559999999999991 160000
 3.579999999999990 160000
 3.599999999999990 160000
 3.629999999999990 160000
 3.659999999999990 160000
 3.689999999999991 160000
 3.719999999999991 160000
 3.749999999999991 160000
 3.769999999999991 160000
 3.789999999999990 160000
 3.809999999999990 160000
 3.829999999999989 160000
 3.849999999999989 160000
 3.879999999999989 160000
 3.909999999999989 160000
 3.939999999999990 160000
 3.969999999999990 160000
 3.999999999999990 160000
 4.019999999999990 160000
 4.039999999999989 160000
 4.059999999999989 160000
 4.079999999999989 160000
 4.099999999999988 160000
 4.129999999999987 160000
 4.159999999999987 160000
 4.189999999999986 160000
 4.219999999999986 160000
 4.249999999999985 160000
 4.269999999999984 160000
 4.289999999999984 160000
 4.309999999999984 160000
 4.329999999999983 160000
 4.349999999999983 160000
 4.379999999999982 160000
 4.409999999999981 160000
 4.439999999999981 160000
 4.469999999999980 160000
 4.499999999999980 160000
 4.519999999999979 160000
 4.539999999999979 160000
 4.559999999999978 160000
 4.579999999999978 160000
 4.599999999999977 160000
 4.629999999999977 160000
 4.659999999999976 160000
 4.689999999999976 160000
 4.719999999999975 160000
 4.749999999999974 160000
 4.769999999999974 160000
 4.789999999999973 160000
 4.809999999999973 160000
 4.829999999999973 160000
 4.849999999999972 160000
 4.879999999999971 160000
 4.909999999999971 160000
 4.939999999999970 160000
 4.969999999999970 160000
 4.999999999999969 160000
 5.019999999999968 160000
 5.039999999999968 160000
 5.059999999999968 160000
 5.079999999999967 160000
 5.099999999999967 160000
 5.129999999999966 160000
 5.159999999999966 160000
 5.189999999999965 160000
 5.219999999999964 160000
 5.249999999999964 160000
 5.269999999999963 160000
 5.289999999999963 160000
 5.309999999999962 160000
 5.329999999999962 160000
 5.349999999999961 160000
 5.379999999999961 160000
 5.409999999999960 160000
 5.439999999999960 160000
 5.469999999999959 160000
 5.499999999999958 160000
 5.519999999999958 160000
 5.539999999999957 160000
 5.559999999999957 160000
 5.579999999999957 160000
 5.599999999999956 160000
 5.629999999999955 160000
 5.659999999999955 160000
 5.689999999999954 160000
 5.719999999999954 160000
 5.749999999999953 160000
 5.769999999999953 160000
 5.789999999999952 160000
 5.809999999999952 160000
 5.829999999999951 160000
 5.849999999999951 160000
 5.879999999999950 160000
 5.909999999999950 160000
 5.939999999999949 160000
 5.969999999999948 160000
 5.999999999999948 160000
 6.019999999999947 160000
 6.039999999999947 160000
 6.059999999999946 160000
 6.079999999999946 160000
 6.099999999999945 160000
 6.129999999999945 160000
 6.159999999999944 160000
 6.189999999999944 160000
 6.219999999999943 160000
 6.249999999999942 160000
 6.269999999999942 160000
 6.289999999999941 160000
 6.309999999999941 160000
 6.329999999999941 160000
 6.349999999999940 160000
 6.379999999999939 160000
 6.409999999999939 160000
 6.439999999999938 160000
 6.469999999999938 160000
 6.499999999999937 160000
 6.519999999999937 160000
 6.539999999999936 160000
 6.559999999999936 160000
 6.579999999999935 160000
 6.599999999999935 160000
 6.629999999999934 160000
 6.659999999999934 160000
 6.689999999999933 160000
 6.719999999999932 160000
 6.749999999999932 160000
 6.769999999999931 160000
 6.789999999999931 160000
 6.809999999999930 160000
 6.829999999999930 160000
 6.849999999999929 160000
 6.879999999999929 160000
 6.909999999999928 160000
 6.939999999999928 160000
 6.969999999999927 160000
 6.999999999999926 160000
 7.019999999999926 160000
 7.039999999999925 160000
 7.059999999999925 160000
 7.079999999999925 160000
 7.099999999999924 160000
 7.129999999999924 160000
 7.159999999999923 160000
 7.189999999999922 160000
 7.219999999999922 160000
 7.249999999999921 160000
 7.269999999999921 160000
 7.289999999999920 160000
 7.309999999999920 160000
 7.329999999999919 160000
 7.349999999999919 160000
 7.379999999999918 160000
 7.409999999999918 160000
 7.439999999999917 160000
 7.469999999999916 160000
 7.499999999999916 160000
 7.519999999999915 160000
 7.539999999999915 160000
 7.559999999999914 160000
 7.579999999999914 160000
 7.599999999999913 160000
 7.629999999999913 160000
 7.659999999999912 160000
 7.689999999999912 160000
 7.719999999999911 160000
 7.749999999999910 160000
 7.769999999999910 160000
 7.789999999999909 160000
 7.809999999999909 160000
 7.829999999999909 160000
 7.849999999999908 160000
 7.879999999999908 160000
 7.909999999999907 160000
 7.939999999999906 160000
 7.969999999999906 160000
 7.999999999999905 160000
 8.019999999999905 160000
 8.039999999999905 160000
 8.059999999999905 160000
 8.079999999999904 160000
 8.099999999999904 160000
 8.129999999999905 160000
 8.159999999999906 160000
 8.189999999999907 160000
 8.219999999999908 160000
 8.249999999999909 160000
 8.269999999999909 160000
 8.289999999999909 160000
 8.309999999999908 160000
 8.329999999999908 160000
 8.349999999999907 160000
 8.379999999999908 160000
 8.409999999999910 160000
 8.439999999999911 160000
 8.469999999999912 160000
 8.499999999999913 160000
 8.519999999999913 160000
 8.539999999999912 160000
 8.559999999999912 160000
 8.579999999999911 160000
 8.599999999999911 160000
 8.629999999999912 160000
 8.659999999999913 160000
 8.689999999999914 160000
 8.719999999999915 160000
 8.749999999999917 160000
 8.769999999999916 160000
 8.789999999999916 160000
 8.809999999999915 160000
 8.829999999999915 160000
 8.849999999999914 160000
 8.879999999999916 160000
 8.909999999999917 160000
 8.939999999999918 160000
 8.969999999999919 160000
 8.999999999999920 160000
 9.019999999999920 160000
 9.039999999999919 160000
 9.059999999999919 160000
 9.079999999999918 160000
 9.099999999999918 160000
 9.129999999999919 160000
 9.159999999999920 160000
 9.189999999999921 160000
 9.219999999999922 160000
 9.249999999999924 160000
 9.269999999999923 160000
 9.289999999999923 160000
 9.309999999999922 160000
 9.329999999999922 160000
 9.349999999999921 160000
 9.379999999999923 160000
 9.409999999999924 160000
 9.439999999999925 160000
 9.469999999999926 160000
 9.499999999999927 160000
 9.519999999999927 160000
 9.539999999999926 160000
 9.559999999999926 160000
 9.579999999999925 160000
 9.599999999999925 160000
 9.629999999999926 160000
 9.659999999999927 160000
 9.689999999999928 160000
 9.719999999999930 160000
 9.749999999999931 160000
 9.769999999999930 160000
 9.789999999999930 160000
 9.809999999999929 160000
 9.829999999999929 160000
 9.849999999999929 160000
 9.879999999999930 160000
 9.909999999999931 160000
 9.939999999999932 160000
 9.969999999999933 160000
 9.999999999999934 160000
