  0.000000E+00  0.122453E-03  0.422107E-04  0.708297E-04  0.146042E-03  0.637347E+01  0.376529E-01
  0.200000E-01  0.119154E-03  0.811734E-04  0.580636E-04  0.120366E-03  0.637347E+01  0.368950E-01
  0.400000E-01  0.104269E-03  0.466261E-04  0.715296E-04  0.114123E-03  0.637346E+01  0.361694E-01
  0.600000E-01  0.556154E-04  0.487419E-04  0.109557E-03  0.254504E-04  0.637346E+01  0.354621E-01
  0.800000E-01  0.105508E-03  0.132027E-03  0.138005E-03  0.171115E-03  0.637346E+01  0.348015E-01
  0.100000E+00  0.142268E-03  0.207140E-03  0.162308E-03  0.250172E-03  0.637346E+01  0.342133E-01
  0.130000E+00  0.182615E-03  0.216695E-03  0.194519E-03  0.266268E-03  0.637345E+01  0.335410E-01
  0.160000E+00  0.216244E-03  0.226661E-03  0.223731E-03  0.277098E-03  0.637345E+01  0.331115E-01
  0.190000E+00  0.246497E-03  0.240486E-03  0.250879E-03  0.283198E-03  0.637344E+01  0.329898E-01
  0.220000E+00  0.274701E-03  0.260157E-03  0.276465E-03  0.284803E-03  0.637344E+01  0.332782E-01
  0.250000E+00  0.301555E-03  0.285993E-03  0.300800E-03  0.281954E-03  0.637343E+01  0.339795E-01
  0.270000E+00  0.318925E-03  0.306161E-03  0.316435E-03  0.277572E-03  0.637343E+01  0.336068E-01
  0.290000E+00  0.335981E-03  0.328158E-03  0.331659E-03  0.271149E-03  0.637342E+01  0.336306E-01
  0.310000E+00  0.352794E-03  0.351501E-03  0.346512E-03  0.262584E-03  0.637342E+01  0.340955E-01
  0.330000E+00  0.369421E-03  0.375773E-03  0.361029E-03  0.251754E-03  0.637340E+01  0.350000E-01
  0.350000E+00  0.385910E-03  0.400578E-03  0.375238E-03  0.238485E-03  0.637339E+01  0.362868E-01
  0.380000E+00  0.410462E-03  0.438158E-03  0.396031E-03  0.213340E-03  0.637337E+01  0.392287E-01
  0.410000E+00  0.434883E-03  0.475405E-03  0.416263E-03  0.180390E-03  0.637334E+01  0.421953E-01
  0.440000E+00  0.459240E-03  0.511616E-03  0.435998E-03  0.134471E-03  0.637332E+01  0.451438E-01
  0.470000E+00  0.483576E-03  0.546407E-03  0.455289E-03  0.607779E-04  0.637329E+01  0.480335E-01
  0.500000E+00  0.507916E-03  0.579548E-03  0.474183E-03  0.121754E-03  0.637327E+01  0.507473E-01
  0.520000E+00  0.523385E-03  0.543174E-03  0.485863E-03  0.280370E-03  0.637326E+01  0.524556E-01
  0.540000E+00  0.537295E-03  0.521806E-03  0.495937E-03  0.393193E-03  0.637324E+01  0.541384E-01
  0.560000E+00  0.549607E-03  0.519831E-03  0.504387E-03  0.483754E-03  0.637323E+01  0.558250E-01
  0.580000E+00  0.560291E-03  0.537022E-03  0.511200E-03  0.561995E-03  0.637321E+01  0.575373E-01
  0.600000E+00  0.569324E-03  0.568684E-03  0.516372E-03  0.631148E-03  0.637320E+01  0.593040E-01
  0.630000E+00  0.581680E-03  0.578503E-03  0.522814E-03  0.627158E-03  0.637318E+01  0.620311E-01
  0.660000E+00  0.594176E-03  0.589457E-03  0.529124E-03  0.621720E-03  0.637315E+01  0.648404E-01
  0.690000E+00  0.606860E-03  0.601463E-03  0.535374E-03  0.614973E-03  0.637313E+01  0.677027E-01
  0.720000E+00  0.619778E-03  0.614436E-03  0.541633E-03  0.607197E-03  0.637310E+01  0.705290E-01
  0.750000E+00  0.632972E-03  0.628219E-03  0.547969E-03  0.598715E-03  0.637308E+01  0.733078E-01
  0.770000E+00  0.641944E-03  0.637803E-03  0.552269E-03  0.592877E-03  0.637306E+01  0.750764E-01
  0.790000E+00  0.651069E-03  0.647657E-03  0.556653E-03  0.587039E-03  0.637304E+01  0.767835E-01
  0.810000E+00  0.660357E-03  0.657767E-03  0.561138E-03  0.581346E-03  0.637302E+01  0.784279E-01
  0.830000E+00  0.669820E-03  0.668087E-03  0.565744E-03  0.575931E-03  0.637300E+01  0.800021E-01
  0.850000E+00  0.679465E-03  0.678557E-03  0.570485E-03  0.570922E-03  0.637297E+01  0.814934E-01
  0.880000E+00  0.694289E-03  0.694504E-03  0.577883E-03  0.564394E-03  0.637293E+01  0.840355E-01
  0.910000E+00  0.709562E-03  0.710648E-03  0.585665E-03  0.559307E-03  0.637288E+01  0.864714E-01
  0.940000E+00  0.725297E-03  0.726869E-03  0.593864E-03  0.555858E-03  0.637284E+01  0.887682E-01
  0.970000E+00  0.741499E-03  0.743001E-03  0.602503E-03  0.554094E-03  0.637279E+01  0.909017E-01
  0.100000E+01  0.758169E-03  0.758866E-03  0.611593E-03  0.553957E-03  0.637275E+01  0.928624E-01
  0.102000E+01  0.768398E-03  0.707498E-03  0.616986E-03  0.557835E-03  0.637272E+01  0.940771E-01
  0.104000E+01  0.776525E-03  0.666177E-03  0.620727E-03  0.566307E-03  0.637269E+01  0.952347E-01
  0.106000E+01  0.782525E-03  0.634837E-03  0.622808E-03  0.576223E-03  0.637266E+01  0.963504E-01
  0.108000E+01  0.786383E-03  0.610988E-03  0.623228E-03  0.584429E-03  0.637264E+01  0.974399E-01
  0.110000E+01  0.788095E-03  0.589625E-03  0.621997E-03  0.587947E-03  0.637261E+01  0.985189E-01
  0.113000E+01  0.789309E-03  0.593799E-03  0.619190E-03  0.576786E-03  0.637256E+01  0.100135E+00
  0.116000E+01  0.791064E-03  0.599644E-03  0.616966E-03  0.565752E-03  0.637252E+01  0.101730E+00
  0.119000E+01  0.793399E-03  0.607182E-03  0.615383E-03  0.555158E-03  0.637247E+01  0.103291E+00
  0.122000E+01  0.796348E-03  0.616288E-03  0.614491E-03  0.545360E-03  0.637243E+01  0.104811E+00
  0.125000E+01  0.799942E-03  0.626697E-03  0.614331E-03  0.536728E-03  0.637238E+01  0.106281E+00
  0.127000E+01  0.802708E-03  0.634232E-03  0.614650E-03  0.531795E-03  0.637235E+01  0.107365E+00
  0.129000E+01  0.805777E-03  0.642154E-03  0.615316E-03  0.527585E-03  0.637232E+01  0.108396E+00
  0.131000E+01  0.809152E-03  0.650375E-03  0.616337E-03  0.524142E-03  0.637229E+01  0.109372E+00
  0.133000E+01  0.812838E-03  0.658808E-03  0.617715E-03  0.521487E-03  0.637225E+01  0.110295E+00
  0.135000E+01  0.816836E-03  0.667371E-03  0.619452E-03  0.519608E-03  0.637221E+01  0.111161E+00
  0.138000E+01  0.823418E-03  0.680271E-03  0.622730E-03  0.518213E-03  0.637215E+01  0.112380E+00
  0.141000E+01  0.830702E-03  0.693002E-03  0.626809E-03  0.518392E-03  0.637208E+01  0.113498E+00
  0.144000E+01  0.838681E-03  0.705372E-03  0.631673E-03  0.519909E-03  0.637202E+01  0.114504E+00
  0.147000E+01  0.847344E-03  0.717254E-03  0.637298E-03  0.522479E-03  0.637195E+01  0.115400E+00
  0.150000E+01  0.856676E-03  0.728553E-03  0.643654E-03  0.525821E-03  0.637189E+01  0.116181E+00
  0.152000E+01  0.861974E-03  0.649772E-03  0.647313E-03  0.472650E-03  0.637185E+01  0.116649E+00
  0.154000E+01  0.864972E-03  0.560194E-03  0.649331E-03  0.413885E-03  0.637181E+01  0.117096E+00
  0.156000E+01  0.865663E-03  0.433423E-03  0.649694E-03  0.335844E-03  0.637177E+01  0.117536E+00
  0.158000E+01  0.864047E-03  0.266057E-03  0.648402E-03  0.142655E-03  0.637173E+01  0.117984E+00
  0.160000E+01  0.860138E-03  0.512864E-03  0.645462E-03  0.335099E-03  0.637169E+01  0.118455E+00
  0.163000E+01  0.852926E-03  0.504258E-03  0.640178E-03  0.332630E-03  0.637162E+01  0.119212E+00
  0.166000E+01  0.846464E-03  0.493318E-03  0.635625E-03  0.329736E-03  0.637156E+01  0.120023E+00
  0.169000E+01  0.840804E-03  0.479865E-03  0.631845E-03  0.326531E-03  0.637149E+01  0.120882E+00
  0.172000E+01  0.835990E-03  0.463664E-03  0.628873E-03  0.323198E-03  0.637143E+01  0.121777E+00
  0.175000E+01  0.832064E-03  0.444409E-03  0.626735E-03  0.319991E-03  0.637137E+01  0.122701E+00
  0.177000E+01  0.829958E-03  0.429580E-03  0.625782E-03  0.318056E-03  0.637132E+01  0.123560E+00
  0.179000E+01  0.828272E-03  0.412796E-03  0.625213E-03  0.316395E-03  0.637128E+01  0.124404E+00
  0.181000E+01  0.827014E-03  0.393633E-03  0.625029E-03  0.315082E-03  0.637123E+01  0.125228E+00
  0.183000E+01  0.826192E-03  0.371445E-03  0.625229E-03  0.314190E-03  0.637118E+01  0.126031E+00
  0.185000E+01  0.825809E-03  0.345199E-03  0.625811E-03  0.313804E-03  0.637113E+01  0.126811E+00
  0.188000E+01  0.826068E-03  0.293653E-03  0.627391E-03  0.314409E-03  0.637105E+01  0.127838E+00
  0.191000E+01  0.827331E-03  0.206629E-03  0.629797E-03  0.316505E-03  0.637096E+01  0.128869E+00
  0.194000E+01  0.829597E-03  0.202312E-03  0.632996E-03  0.320179E-03  0.637088E+01  0.129903E+00
  0.197000E+01  0.832856E-03  0.295798E-03  0.636948E-03  0.325467E-03  0.637080E+01  0.130926E+00
  0.200000E+01  0.837089E-03  0.352702E-03  0.641605E-03  0.332159E-03  0.637071E+01  0.131937E+00
  0.202000E+01  0.839184E-03  0.438215E-03  0.644112E-03  0.407915E-03  0.637066E+01  0.132603E+00
  0.204000E+01  0.839176E-03  0.593219E-03  0.644961E-03  0.453398E-03  0.637061E+01  0.133272E+00
  0.206000E+01  0.837065E-03  0.696571E-03  0.644137E-03  0.488031E-03  0.637055E+01  0.133952E+00
  0.208000E+01  0.832861E-03  0.782804E-03  0.641636E-03  0.520071E-03  0.637050E+01  0.134649E+00
  0.210000E+01  0.826583E-03  0.862352E-03  0.637461E-03  0.554074E-03  0.637045E+01  0.135371E+00
  0.213000E+01  0.816131E-03  0.854575E-03  0.630233E-03  0.551342E-03  0.637036E+01  0.136505E+00
  0.216000E+01  0.806718E-03  0.845630E-03  0.623579E-03  0.550033E-03  0.637028E+01  0.137699E+00
  0.219000E+01  0.798391E-03  0.835596E-03  0.617501E-03  0.550243E-03  0.637020E+01  0.138940E+00
  0.222000E+01  0.791186E-03  0.824595E-03  0.612000E-03  0.552012E-03  0.637011E+01  0.140227E+00
  0.225000E+01  0.785130E-03  0.812757E-03  0.607069E-03  0.555251E-03  0.637003E+01  0.141553E+00
  0.227000E+01  0.781738E-03  0.804461E-03  0.604092E-03  0.558090E-03  0.636998E+01  0.142568E+00
  0.229000E+01  0.778867E-03  0.795894E-03  0.601359E-03  0.561371E-03  0.636992E+01  0.143560E+00
  0.231000E+01  0.776516E-03  0.787103E-03  0.598865E-03  0.564979E-03  0.636986E+01  0.144524E+00
  0.233000E+01  0.774683E-03  0.778105E-03  0.596604E-03  0.568792E-03  0.636980E+01  0.145457E+00
  0.235000E+01  0.773365E-03  0.768907E-03  0.594569E-03  0.572701E-03  0.636974E+01  0.146353E+00
  0.238000E+01  0.772341E-03  0.754750E-03  0.591926E-03  0.578498E-03  0.636963E+01  0.147724E+00
  0.241000E+01  0.772439E-03  0.740156E-03  0.589748E-03  0.583853E-03  0.636953E+01  0.149071E+00
  0.244000E+01  0.773626E-03  0.725098E-03  0.588008E-03  0.588415E-03  0.636943E+01  0.150384E+00
  0.247000E+01  0.775861E-03  0.709556E-03  0.586679E-03  0.591939E-03  0.636933E+01  0.151658E+00
  0.250000E+01  0.779096E-03  0.693491E-03  0.585731E-03  0.594259E-03  0.636923E+01  0.152890E+00
  0.252000E+01  0.780615E-03  0.752589E-03  0.584418E-03  0.575217E-03  0.636916E+01  0.153688E+00
  0.254000E+01  0.780199E-03  0.802301E-03  0.581500E-03  0.557784E-03  0.636910E+01  0.154471E+00
  0.256000E+01  0.777841E-03  0.848246E-03  0.576980E-03  0.545754E-03  0.636903E+01  0.155246E+00
  0.258000E+01  0.773542E-03  0.893881E-03  0.570872E-03  0.543031E-03  0.636897E+01  0.156018E+00
  0.260000E+01  0.767317E-03  0.941335E-03  0.563196E-03  0.552487E-03  0.636890E+01  0.156790E+00
  0.263000E+01  0.756998E-03  0.935354E-03  0.550699E-03  0.546798E-03  0.636880E+01  0.157952E+00
  0.266000E+01  0.747599E-03  0.928897E-03  0.538586E-03  0.540824E-03  0.636870E+01  0.159118E+00
  0.269000E+01  0.739137E-03  0.922043E-03  0.526902E-03  0.534482E-03  0.636860E+01  0.160286E+00
  0.272000E+01  0.731627E-03  0.914771E-03  0.515697E-03  0.527697E-03  0.636849E+01  0.161444E+00
  0.275000E+01  0.725074E-03  0.907073E-03  0.505024E-03  0.520474E-03  0.636839E+01  0.162587E+00
  0.277000E+01  0.721238E-03  0.901704E-03  0.498231E-03  0.515365E-03  0.636832E+01  0.163255E+00
  0.279000E+01  0.717826E-03  0.896155E-03  0.491716E-03  0.510001E-03  0.636826E+01  0.163877E+00
  0.281000E+01  0.714837E-03  0.890419E-03  0.485496E-03  0.504383E-03  0.636818E+01  0.164453E+00
  0.283000E+01  0.712267E-03  0.884470E-03  0.479591E-03  0.498492E-03  0.636811E+01  0.164982E+00
  0.285000E+01  0.710112E-03  0.878293E-03  0.474020E-03  0.492272E-03  0.636803E+01  0.165461E+00
  0.288000E+01  0.707645E-03  0.868608E-03  0.466329E-03  0.482210E-03  0.636791E+01  0.166518E+00
  0.291000E+01  0.706077E-03  0.858381E-03  0.459500E-03  0.471194E-03  0.636779E+01  0.167545E+00
  0.294000E+01  0.705382E-03  0.847583E-03  0.453598E-03  0.459115E-03  0.636767E+01  0.168537E+00
  0.297000E+01  0.705527E-03  0.836242E-03  0.448690E-03  0.445793E-03  0.636755E+01  0.169495E+00
  0.300000E+01  0.706476E-03  0.824326E-03  0.444835E-03  0.431076E-03  0.636743E+01  0.170413E+00
  0.302000E+01  0.706474E-03  0.841602E-03  0.442210E-03  0.411125E-03  0.636735E+01  0.171004E+00
  0.304000E+01  0.704681E-03  0.859506E-03  0.438761E-03  0.402045E-03  0.636727E+01  0.171586E+00
  0.306000E+01  0.701095E-03  0.879967E-03  0.434515E-03  0.405265E-03  0.636719E+01  0.172163E+00
  0.308000E+01  0.695726E-03  0.904479E-03  0.429510E-03  0.420074E-03  0.636711E+01  0.172735E+00
  0.310000E+01  0.688592E-03  0.933984E-03  0.423792E-03  0.443904E-03  0.636704E+01  0.173305E+00
  0.313000E+01  0.676962E-03  0.928727E-03  0.415435E-03  0.438885E-03  0.636692E+01  0.174146E+00
  0.316000E+01  0.666118E-03  0.922580E-03  0.408637E-03  0.435218E-03  0.636680E+01  0.174958E+00
  0.319000E+01  0.656103E-03  0.915538E-03  0.403550E-03  0.432801E-03  0.636667E+01  0.175736E+00
  0.322000E+01  0.646953E-03  0.907592E-03  0.400302E-03  0.431344E-03  0.636655E+01  0.176470E+00
  0.325000E+01  0.638703E-03  0.898788E-03  0.398976E-03  0.430471E-03  0.636643E+01  0.177160E+00
  0.327000E+01  0.633717E-03  0.892454E-03  0.399179E-03  0.429975E-03  0.636636E+01  0.177295E+00
  0.329000E+01  0.629151E-03  0.885753E-03  0.400249E-03  0.429373E-03  0.636627E+01  0.177368E+00
  0.331000E+01  0.625010E-03  0.878696E-03  0.402170E-03  0.428518E-03  0.636619E+01  0.177378E+00
  0.333000E+01  0.621299E-03  0.871308E-03  0.404917E-03  0.427264E-03  0.636610E+01  0.177326E+00
  0.335000E+01  0.618020E-03  0.863592E-03  0.408456E-03  0.425469E-03  0.636602E+01  0.177215E+00
  0.338000E+01  0.613906E-03  0.851426E-03  0.415152E-03  0.421488E-03  0.636588E+01  0.177686E+00
  0.341000E+01  0.610751E-03  0.838596E-03  0.423367E-03  0.415645E-03  0.636574E+01  0.178101E+00
  0.344000E+01  0.608533E-03  0.825211E-03  0.432921E-03  0.407565E-03  0.636560E+01  0.178463E+00
  0.347000E+01  0.607217E-03  0.811407E-03  0.443628E-03  0.396892E-03  0.636546E+01  0.178774E+00
  0.350000E+01  0.606757E-03  0.797296E-03  0.455308E-03  0.383332E-03  0.636532E+01  0.179036E+00
  0.352000E+01  0.605991E-03  0.801081E-03  0.462866E-03  0.419594E-03  0.636523E+01  0.179190E+00
  0.354000E+01  0.603745E-03  0.807214E-03  0.469346E-03  0.437320E-03  0.636514E+01  0.179343E+00
  0.356000E+01  0.600013E-03  0.816697E-03  0.474694E-03  0.441263E-03  0.636505E+01  0.179500E+00
  0.358000E+01  0.594801E-03  0.830401E-03  0.478867E-03  0.433409E-03  0.636496E+01  0.179665E+00
  0.360000E+01  0.588123E-03  0.848913E-03  0.481834E-03  0.414259E-03  0.636487E+01  0.179843E+00
  0.363000E+01  0.577384E-03  0.842872E-03  0.485614E-03  0.411536E-03  0.636474E+01  0.180125E+00
  0.366000E+01  0.567401E-03  0.836451E-03  0.489873E-03  0.408104E-03  0.636460E+01  0.180411E+00
  0.369000E+01  0.558205E-03  0.829647E-03  0.494592E-03  0.403782E-03  0.636446E+01  0.180697E+00
  0.372000E+01  0.549819E-03  0.822488E-03  0.499750E-03  0.398410E-03  0.636432E+01  0.180987E+00
  0.375000E+01  0.542263E-03  0.815023E-03  0.505321E-03  0.391907E-03  0.636419E+01  0.181286E+00
  0.377000E+01  0.537694E-03  0.809889E-03  0.509250E-03  0.386839E-03  0.636410E+01  0.180951E+00
  0.379000E+01  0.533503E-03  0.804632E-03  0.513341E-03  0.381172E-03  0.636400E+01  0.180579E+00
  0.381000E+01  0.529689E-03  0.799246E-03  0.517583E-03  0.374874E-03  0.636391E+01  0.180170E+00
  0.383000E+01  0.526253E-03  0.793729E-03  0.521967E-03  0.367950E-03  0.636381E+01  0.179721E+00
  0.385000E+01  0.523191E-03  0.788105E-03  0.526482E-03  0.360433E-03  0.636371E+01  0.179230E+00
  0.388000E+01  0.519288E-03  0.779494E-03  0.533476E-03  0.348058E-03  0.636355E+01  0.179510E+00
  0.391000E+01  0.516193E-03  0.770696E-03  0.540703E-03  0.334439E-03  0.636339E+01  0.179782E+00
  0.394000E+01  0.513872E-03  0.761754E-03  0.548130E-03  0.319853E-03  0.636324E+01  0.180047E+00
  0.397000E+01  0.512280E-03  0.752720E-03  0.555721E-03  0.304571E-03  0.636308E+01  0.180298E+00
  0.400000E+01  0.511358E-03  0.743745E-03  0.563442E-03  0.288867E-03  0.636293E+01  0.180528E+00
  0.402000E+01  0.510317E-03  0.737420E-03  0.567799E-03  0.215837E-03  0.636282E+01  0.180679E+00
  0.404000E+01  0.507990E-03  0.732796E-03  0.570487E-03  0.218226E-03  0.636272E+01  0.180842E+00
  0.406000E+01  0.504368E-03  0.730671E-03  0.571493E-03  0.324578E-03  0.636262E+01  0.181020E+00
  0.408000E+01  0.499450E-03  0.731832E-03  0.570809E-03  0.387276E-03  0.636252E+01  0.181221E+00
  0.410000E+01  0.493246E-03  0.736898E-03  0.568437E-03  0.428616E-03  0.636242E+01  0.181447E+00
  0.413000E+01  0.483231E-03  0.732455E-03  0.563649E-03  0.432344E-03  0.636226E+01  0.181821E+00
  0.416000E+01  0.473713E-03  0.727749E-03  0.558937E-03  0.435423E-03  0.636210E+01  0.182220E+00
  0.419000E+01  0.464704E-03  0.722850E-03  0.554319E-03  0.437855E-03  0.636195E+01  0.182643E+00
  0.422000E+01  0.456210E-03  0.717828E-03  0.549812E-03  0.439608E-03  0.636179E+01  0.183086E+00
  0.425000E+01  0.448224E-03  0.712728E-03  0.545432E-03  0.440639E-03  0.636164E+01  0.183550E+00
  0.427000E+01  0.443177E-03  0.709301E-03  0.542590E-03  0.440897E-03  0.636153E+01  0.183188E+00
  0.429000E+01  0.438344E-03  0.705860E-03  0.539816E-03  0.440815E-03  0.636143E+01  0.182806E+00
  0.431000E+01  0.433718E-03  0.702406E-03  0.537114E-03  0.440416E-03  0.636132E+01  0.182403E+00
  0.433000E+01  0.429291E-03  0.698929E-03  0.534489E-03  0.439730E-03  0.636121E+01  0.181980E+00
  0.435000E+01  0.425052E-03  0.695419E-03  0.531945E-03  0.438756E-03  0.636110E+01  0.181536E+00
  0.438000E+01  0.419018E-03  0.690095E-03  0.528288E-03  0.436764E-03  0.636092E+01  0.182130E+00
  0.441000E+01  0.413331E-03  0.684709E-03  0.524834E-03  0.434237E-03  0.636075E+01  0.182745E+00
  0.444000E+01  0.407932E-03  0.679270E-03  0.521594E-03  0.431299E-03  0.636057E+01  0.183375E+00
  0.447000E+01  0.402750E-03  0.673817E-03  0.518581E-03  0.428057E-03  0.636040E+01  0.184010E+00
  0.450000E+01  0.397707E-03  0.668373E-03  0.515807E-03  0.424695E-03  0.636022E+01  0.184642E+00
  0.452000E+01  0.393783E-03  0.636557E-03  0.513323E-03  0.434580E-03  0.636011E+01  0.185070E+00
  0.454000E+01  0.388669E-03  0.604372E-03  0.509415E-03  0.433511E-03  0.636000E+01  0.185516E+00
  0.456000E+01  0.382354E-03  0.572297E-03  0.504102E-03  0.417716E-03  0.635988E+01  0.185984E+00
  0.458000E+01  0.374832E-03  0.540926E-03  0.497410E-03  0.379621E-03  0.635977E+01  0.186478E+00
  0.460000E+01  0.366107E-03  0.510907E-03  0.489375E-03  0.295108E-03  0.635966E+01  0.187005E+00
  0.463000E+01  0.352005E-03  0.499039E-03  0.476548E-03  0.302182E-03  0.635948E+01  0.187842E+00
  0.466000E+01  0.337629E-03  0.486421E-03  0.464201E-03  0.307516E-03  0.635931E+01  0.188717E+00
  0.469000E+01  0.322905E-03  0.473058E-03  0.452443E-03  0.310865E-03  0.635913E+01  0.189623E+00
  0.472000E+01  0.307726E-03  0.459021E-03  0.441394E-03  0.311892E-03  0.635896E+01  0.190554E+00
  0.475000E+01  0.291941E-03  0.444368E-03  0.431181E-03  0.310254E-03  0.635878E+01  0.191504E+00
  0.477000E+01  0.280973E-03  0.434213E-03  0.424903E-03  0.307551E-03  0.635867E+01  0.191395E+00
  0.479000E+01  0.269553E-03  0.423633E-03  0.419097E-03  0.303523E-03  0.635855E+01  0.191263E+00
  0.481000E+01  0.257566E-03  0.412534E-03  0.413804E-03  0.298127E-03  0.635843E+01  0.191108E+00
  0.483000E+01  0.244857E-03  0.400797E-03  0.409065E-03  0.291311E-03  0.635831E+01  0.190925E+00
  0.485000E+01  0.231207E-03  0.388358E-03  0.404918E-03  0.282937E-03  0.635818E+01  0.190712E+00
  0.488000E+01  0.208214E-03  0.368112E-03  0.399883E-03  0.267431E-03  0.635799E+01  0.191715E+00
  0.491000E+01  0.180237E-03  0.345647E-03  0.396359E-03  0.248167E-03  0.635780E+01  0.192706E+00
  0.494000E+01  0.141406E-03  0.319960E-03  0.394419E-03  0.224342E-03  0.635760E+01  0.193677E+00
  0.497000E+01  0.412902E-04  0.289761E-03  0.394098E-03  0.194498E-03  0.635741E+01  0.194626E+00
  0.500000E+01  0.141786E-03  0.251988E-03  0.395399E-03  0.154362E-03  0.635722E+01  0.195544E+00
  0.502000E+01  0.166594E-03  0.322350E-03  0.396557E-03  0.275324E-03  0.635709E+01  0.196143E+00
  0.504000E+01  0.184588E-03  0.428786E-03  0.397213E-03  0.353732E-03  0.635697E+01  0.196739E+00
  0.506000E+01  0.198447E-03  0.494478E-03  0.397348E-03  0.404667E-03  0.635684E+01  0.197337E+00
  0.508000E+01  0.209300E-03  0.543621E-03  0.396951E-03  0.442594E-03  0.635671E+01  0.197941E+00
  0.510000E+01  0.217717E-03  0.583989E-03  0.396013E-03  0.472357E-03  0.635659E+01  0.198555E+00
  0.513000E+01  0.227138E-03  0.597066E-03  0.394923E-03  0.474290E-03  0.635640E+01  0.199493E+00
  0.516000E+01  0.233792E-03  0.609782E-03  0.395257E-03  0.477672E-03  0.635620E+01  0.200443E+00
  0.519000E+01  0.237931E-03  0.622229E-03  0.396967E-03  0.482334E-03  0.635601E+01  0.201394E+00
  0.522000E+01  0.239604E-03  0.634445E-03  0.399986E-03  0.487975E-03  0.635582E+01  0.202346E+00
  0.525000E+01  0.238678E-03  0.646355E-03  0.404225E-03  0.494232E-03  0.635563E+01  0.203296E+00
  0.527000E+01  0.236467E-03  0.654127E-03  0.407681E-03  0.498550E-03  0.635550E+01  0.203103E+00
  0.529000E+01  0.232791E-03  0.661806E-03  0.411604E-03  0.502868E-03  0.635537E+01  0.202884E+00
  0.531000E+01  0.227404E-03  0.669454E-03  0.415962E-03  0.507121E-03  0.635524E+01  0.202641E+00
  0.533000E+01  0.219929E-03  0.677125E-03  0.420724E-03  0.511216E-03  0.635510E+01  0.202372E+00
  0.535000E+01  0.209776E-03  0.684860E-03  0.425859E-03  0.515069E-03  0.635497E+01  0.202080E+00
  0.538000E+01  0.187066E-03  0.696620E-03  0.434192E-03  0.520264E-03  0.635476E+01  0.203107E+00
  0.541000E+01  0.145968E-03  0.708532E-03  0.443195E-03  0.524498E-03  0.635455E+01  0.204143E+00
  0.544000E+01  0.104704E-03  0.720619E-03  0.452770E-03  0.527600E-03  0.635434E+01  0.205183E+00
  0.547000E+01  0.184721E-03  0.732876E-03  0.462827E-03  0.529462E-03  0.635413E+01  0.206221E+00
  0.550000E+01  0.231674E-03  0.745189E-03  0.473279E-03  0.529986E-03  0.635391E+01  0.207249E+00
  0.552000E+01  0.257298E-03  0.741248E-03  0.479715E-03  0.524652E-03  0.635378E+01  0.207928E+00
  0.554000E+01  0.279842E-03  0.739699E-03  0.484831E-03  0.508856E-03  0.635364E+01  0.208606E+00
  0.556000E+01  0.299985E-03  0.741586E-03  0.488594E-03  0.482302E-03  0.635350E+01  0.209291E+00
  0.558000E+01  0.318108E-03  0.747662E-03  0.490983E-03  0.443596E-03  0.635337E+01  0.209982E+00
  0.560000E+01  0.334445E-03  0.758381E-03  0.491983E-03  0.388804E-03  0.635323E+01  0.210682E+00
  0.563000E+01  0.357082E-03  0.766984E-03  0.492534E-03  0.393400E-03  0.635302E+01  0.211745E+00
  0.566000E+01  0.378780E-03  0.775528E-03  0.493278E-03  0.396904E-03  0.635281E+01  0.212813E+00
  0.569000E+01  0.399869E-03  0.784209E-03  0.494223E-03  0.399102E-03  0.635260E+01  0.213882E+00
  0.572000E+01  0.420580E-03  0.793105E-03  0.495377E-03  0.399792E-03  0.635239E+01  0.214948E+00
  0.575000E+01  0.441077E-03  0.802137E-03  0.496744E-03  0.398796E-03  0.635218E+01  0.216002E+00
  0.577000E+01  0.454682E-03  0.808236E-03  0.497774E-03  0.397086E-03  0.635204E+01  0.215807E+00
  0.579000E+01  0.468273E-03  0.814362E-03  0.498899E-03  0.394578E-03  0.635190E+01  0.215579E+00
  0.581000E+01  0.481871E-03  0.820474E-03  0.500118E-03  0.391303E-03  0.635176E+01  0.215315E+00
  0.583000E+01  0.495493E-03  0.826545E-03  0.501428E-03  0.387302E-03  0.635161E+01  0.215016E+00
  0.585000E+01  0.509155E-03  0.832578E-03  0.502826E-03  0.382657E-03  0.635146E+01  0.214676E+00
  0.588000E+01  0.529745E-03  0.841551E-03  0.505075E-03  0.374521E-03  0.635124E+01  0.215664E+00
  0.591000E+01  0.550478E-03  0.850400E-03  0.507492E-03  0.365149E-03  0.635101E+01  0.216607E+00
  0.594000E+01  0.571377E-03  0.859102E-03  0.510055E-03  0.354540E-03  0.635078E+01  0.217507E+00
  0.597000E+01  0.592453E-03  0.867611E-03  0.512741E-03  0.342413E-03  0.635055E+01  0.218363E+00
  0.600000E+01  0.613711E-03  0.875815E-03  0.515527E-03  0.328466E-03  0.635032E+01  0.219170E+00
  0.602000E+01  0.627057E-03  0.836218E-03  0.516656E-03  0.168891E-03  0.635017E+01  0.219687E+00
  0.604000E+01  0.638602E-03  0.804919E-03  0.516263E-03  0.291769E-03  0.635002E+01  0.220196E+00
  0.606000E+01  0.648314E-03  0.782948E-03  0.514346E-03  0.371429E-03  0.634987E+01  0.220698E+00
  0.608000E+01  0.656169E-03  0.770288E-03  0.510911E-03  0.416142E-03  0.634972E+01  0.221199E+00
  0.610000E+01  0.662152E-03  0.765715E-03  0.505973E-03  0.439862E-03  0.634957E+01  0.221705E+00
  0.613000E+01  0.669844E-03  0.770888E-03  0.497499E-03  0.443849E-03  0.634935E+01  0.222468E+00
  0.616000E+01  0.677819E-03  0.776223E-03  0.489154E-03  0.447747E-03  0.634912E+01  0.223224E+00
  0.619000E+01  0.686114E-03  0.781672E-03  0.480988E-03  0.451671E-03  0.634889E+01  0.223969E+00
  0.622000E+01  0.694764E-03  0.787281E-03  0.473054E-03  0.455593E-03  0.634866E+01  0.224698E+00
  0.625000E+01  0.703798E-03  0.793058E-03  0.465406E-03  0.459407E-03  0.634844E+01  0.225407E+00
  0.627000E+01  0.710046E-03  0.796975E-03  0.460495E-03  0.461894E-03  0.634829E+01  0.224928E+00
  0.629000E+01  0.716482E-03  0.800958E-03  0.455754E-03  0.464357E-03  0.634813E+01  0.224411E+00
  0.631000E+01  0.723111E-03  0.805007E-03  0.451202E-03  0.466787E-03  0.634798E+01  0.223856E+00
  0.633000E+01  0.729937E-03  0.809125E-03  0.446856E-03  0.469226E-03  0.634782E+01  0.223261E+00
  0.635000E+01  0.736963E-03  0.813302E-03  0.442735E-03  0.471701E-03  0.634766E+01  0.222624E+00
  0.638000E+01  0.747883E-03  0.819602E-03  0.437017E-03  0.475484E-03  0.634741E+01  0.223217E+00
  0.641000E+01  0.759264E-03  0.825832E-03  0.431913E-03  0.479363E-03  0.634717E+01  0.223757E+00
  0.644000E+01  0.771108E-03  0.831934E-03  0.427487E-03  0.483326E-03  0.634692E+01  0.224241E+00
  0.647000E+01  0.783413E-03  0.837813E-03  0.423802E-03  0.487378E-03  0.634667E+01  0.224664E+00
  0.650000E+01  0.796177E-03  0.843343E-03  0.420915E-03  0.491428E-03  0.634643E+01  0.225028E+00
  0.652000E+01  0.803738E-03  0.792415E-03  0.418831E-03  0.469606E-03  0.634626E+01  0.225243E+00
  0.654000E+01  0.809089E-03  0.746847E-03  0.415881E-03  0.437421E-03  0.634610E+01  0.225449E+00
  0.656000E+01  0.812215E-03  0.703807E-03  0.412094E-03  0.388809E-03  0.634594E+01  0.225653E+00
  0.658000E+01  0.813111E-03  0.658068E-03  0.407505E-03  0.305784E-03  0.634578E+01  0.225859E+00
  0.660000E+01  0.811784E-03  0.600599E-03  0.402160E-03  0.190653E-03  0.634562E+01  0.226073E+00
  0.663000E+01  0.808394E-03  0.604923E-03  0.394194E-03  0.167803E-03  0.634537E+01  0.226409E+00
  0.666000E+01  0.805561E-03  0.609625E-03  0.387516E-03  0.137335E-03  0.634512E+01  0.226755E+00
  0.669000E+01  0.803330E-03  0.614717E-03  0.382274E-03  0.833921E-04  0.634488E+01  0.227107E+00
  0.672000E+01  0.801746E-03  0.620236E-03  0.378593E-03  0.109946E-03  0.634463E+01  0.227460E+00
  0.675000E+01  0.800848E-03  0.626144E-03  0.376567E-03  0.145793E-03  0.634439E+01  0.227810E+00
  0.677000E+01  0.800649E-03  0.630240E-03  0.376164E-03  0.161130E-03  0.634422E+01  0.227043E+00
  0.679000E+01  0.800781E-03  0.634441E-03  0.376524E-03  0.173181E-03  0.634406E+01  0.226248E+00
  0.681000E+01  0.801253E-03  0.638693E-03  0.377643E-03  0.183153E-03  0.634389E+01  0.225422E+00
  0.683000E+01  0.802071E-03  0.642980E-03  0.379505E-03  0.191625E-03  0.634372E+01  0.224564E+00
  0.685000E+01  0.803241E-03  0.647273E-03  0.382086E-03  0.199054E-03  0.634355E+01  0.223673E+00
  0.688000E+01  0.805668E-03  0.653641E-03  0.387236E-03  0.208925E-03  0.634328E+01  0.224017E+00
  0.691000E+01  0.808907E-03  0.659825E-03  0.393807E-03  0.217825E-03  0.634302E+01  0.224346E+00
  0.694000E+01  0.812964E-03  0.665761E-03  0.401655E-03  0.225935E-03  0.634275E+01  0.224660E+00
  0.697000E+01  0.817834E-03  0.671434E-03  0.410625E-03  0.233419E-03  0.634249E+01  0.224958E+00
  0.700000E+01  0.823509E-03  0.676842E-03  0.420564E-03  0.240598E-03  0.634222E+01  0.225239E+00
  0.702000E+01  0.826496E-03  0.570985E-03  0.427021E-03  0.276164E-03  0.634205E+01  0.225422E+00
  0.704000E+01  0.827352E-03  0.409369E-03  0.432522E-03  0.365541E-03  0.634188E+01  0.225617E+00
  0.706000E+01  0.826075E-03  0.370546E-03  0.437016E-03  0.411841E-03  0.634170E+01  0.225829E+00
  0.708000E+01  0.822673E-03  0.565189E-03  0.440464E-03  0.439243E-03  0.634153E+01  0.226064E+00
  0.710000E+01  0.817165E-03  0.689820E-03  0.442835E-03  0.455190E-03  0.634135E+01  0.226330E+00
  0.713000E+01  0.807766E-03  0.684210E-03  0.445826E-03  0.452073E-03  0.634109E+01  0.226779E+00
  0.716000E+01  0.799256E-03  0.677778E-03  0.449297E-03  0.449016E-03  0.634082E+01  0.227275E+00
  0.719000E+01  0.791682E-03  0.670547E-03  0.453213E-03  0.446004E-03  0.634056E+01  0.227813E+00
  0.722000E+01  0.785085E-03  0.662538E-03  0.457540E-03  0.443001E-03  0.634029E+01  0.228388E+00
  0.725000E+01  0.779496E-03  0.653806E-03  0.462243E-03  0.440065E-03  0.634003E+01  0.228995E+00
  0.727000E+01  0.776343E-03  0.647634E-03  0.465567E-03  0.438138E-03  0.633985E+01  0.228344E+00
  0.729000E+01  0.773655E-03  0.641193E-03  0.469032E-03  0.436206E-03  0.633968E+01  0.227677E+00
  0.731000E+01  0.771435E-03  0.634517E-03  0.472625E-03  0.434255E-03  0.633950E+01  0.226995E+00
  0.733000E+01  0.769685E-03  0.627624E-03  0.476338E-03  0.432269E-03  0.633932E+01  0.226294E+00
  0.735000E+01  0.768404E-03  0.620523E-03  0.480158E-03  0.430214E-03  0.633913E+01  0.225573E+00
  0.738000E+01  0.767358E-03  0.609571E-03  0.486072E-03  0.426958E-03  0.633885E+01  0.226289E+00
  0.741000E+01  0.767349E-03  0.598407E-03  0.492175E-03  0.423413E-03  0.633856E+01  0.227002E+00
  0.744000E+01  0.768353E-03  0.587046E-03  0.498437E-03  0.419587E-03  0.633828E+01  0.227711E+00
  0.747000E+01  0.770339E-03  0.575485E-03  0.504828E-03  0.415495E-03  0.633800E+01  0.228414E+00
  0.750000E+01  0.773268E-03  0.563786E-03  0.511323E-03  0.410964E-03  0.633771E+01  0.229107E+00
  0.752000E+01  0.774562E-03  0.656111E-03  0.514929E-03  0.377080E-03  0.633753E+01  0.229567E+00
  0.754000E+01  0.773921E-03  0.725785E-03  0.517017E-03  0.319203E-03  0.633734E+01  0.230040E+00
  0.756000E+01  0.771339E-03  0.785799E-03  0.517577E-03  0.204615E-03  0.633716E+01  0.230528E+00
  0.758000E+01  0.766818E-03  0.842222E-03  0.516606E-03  0.250753E-03  0.633697E+01  0.231037E+00
  0.760000E+01  0.760374E-03  0.898298E-03  0.514109E-03  0.336256E-03  0.633679E+01  0.231568E+00
  0.763000E+01  0.749707E-03  0.892779E-03  0.509260E-03  0.347494E-03  0.633650E+01  0.232400E+00
  0.766000E+01  0.739914E-03  0.886842E-03  0.504500E-03  0.357545E-03  0.633622E+01  0.233255E+00
  0.769000E+01  0.731010E-03  0.880582E-03  0.499857E-03  0.366317E-03  0.633594E+01  0.234129E+00
  0.772000E+01  0.723001E-03  0.874075E-03  0.495356E-03  0.373967E-03  0.633565E+01  0.235017E+00
  0.775000E+01  0.715886E-03  0.867361E-03  0.491024E-03  0.380649E-03  0.633537E+01  0.235910E+00
  0.777000E+01  0.711634E-03  0.862815E-03  0.488243E-03  0.384742E-03  0.633518E+01  0.235420E+00
  0.779000E+01  0.707772E-03  0.858218E-03  0.485556E-03  0.388635E-03  0.633499E+01  0.234906E+00
  0.781000E+01  0.704293E-03  0.853596E-03  0.482972E-03  0.392406E-03  0.633480E+01  0.234368E+00
  0.783000E+01  0.701190E-03  0.848970E-03  0.480498E-03  0.396145E-03  0.633461E+01  0.233805E+00
  0.785000E+01  0.698454E-03  0.844351E-03  0.478141E-03  0.399927E-03  0.633441E+01  0.233214E+00
  0.788000E+01  0.695018E-03  0.837385E-03  0.474843E-03  0.405848E-03  0.633411E+01  0.234122E+00
  0.791000E+01  0.692348E-03  0.830400E-03  0.471852E-03  0.412235E-03  0.633381E+01  0.235004E+00
  0.794000E+01  0.690399E-03  0.823388E-03  0.469193E-03  0.419291E-03  0.633351E+01  0.235854E+00
  0.797000E+01  0.689125E-03  0.816345E-03  0.466889E-03  0.427033E-03  0.633320E+01  0.236667E+00
  0.800000E+01  0.688471E-03  0.809293E-03  0.464965E-03  0.435287E-03  0.633290E+01  0.237440E+00
  0.802000E+01  0.687321E-03  0.823695E-03  0.463208E-03  0.451795E-03  0.633270E+01  0.237936E+00
  0.804000E+01  0.684345E-03  0.839234E-03  0.460246E-03  0.458962E-03  0.633251E+01  0.238424E+00
  0.806000E+01  0.679539E-03  0.857951E-03  0.456097E-03  0.455748E-03  0.633231E+01  0.238907E+00
  0.808000E+01  0.672907E-03  0.881414E-03  0.450791E-03  0.439895E-03  0.633211E+01  0.239389E+00
  0.810000E+01  0.664462E-03  0.910551E-03  0.444367E-03  0.406628E-03  0.633191E+01  0.239875E+00
  0.813000E+01  0.650672E-03  0.906061E-03  0.434238E-03  0.413974E-03  0.633161E+01  0.240616E+00
  0.816000E+01  0.637329E-03  0.901135E-03  0.424842E-03  0.420827E-03  0.633131E+01  0.241359E+00
  0.819000E+01  0.624423E-03  0.895755E-03  0.416335E-03  0.427339E-03  0.633101E+01  0.242097E+00
  0.822000E+01  0.611938E-03  0.890005E-03  0.408878E-03  0.433544E-03  0.633071E+01  0.242831E+00
  0.825000E+01  0.599853E-03  0.883957E-03  0.402639E-03  0.439627E-03  0.633041E+01  0.243555E+00
  0.827000E+01  0.592004E-03  0.879762E-03  0.399236E-03  0.443606E-03  0.633021E+01  0.242922E+00
  0.829000E+01  0.584310E-03  0.875447E-03  0.396490E-03  0.447523E-03  0.633001E+01  0.242259E+00
  0.831000E+01  0.576758E-03  0.871035E-03  0.394440E-03  0.451411E-03  0.632980E+01  0.241563E+00
  0.833000E+01  0.569337E-03  0.866557E-03  0.393119E-03  0.455317E-03  0.632960E+01  0.240832E+00
  0.835000E+01  0.562032E-03  0.862026E-03  0.392552E-03  0.459251E-03  0.632939E+01  0.240061E+00
  0.838000E+01  0.551253E-03  0.855140E-03  0.393147E-03  0.465057E-03  0.632907E+01  0.240716E+00
  0.841000E+01  0.540634E-03  0.848177E-03  0.395483E-03  0.470659E-03  0.632875E+01  0.241331E+00
  0.844000E+01  0.530100E-03  0.841085E-03  0.399523E-03  0.476043E-03  0.632843E+01  0.241903E+00
  0.847000E+01  0.519565E-03  0.833901E-03  0.405186E-03  0.481175E-03  0.632811E+01  0.242425E+00
  0.850000E+01  0.508927E-03  0.826625E-03  0.412352E-03  0.486031E-03  0.632779E+01  0.242892E+00
  0.852000E+01  0.500960E-03  0.816488E-03  0.417277E-03  0.417441E-03  0.632758E+01  0.243178E+00
  0.854000E+01  0.491351E-03  0.812480E-03  0.421511E-03  0.325244E-03  0.632737E+01  0.243450E+00
  0.856000E+01  0.480081E-03  0.815516E-03  0.425007E-03  0.476949E-04  0.632716E+01  0.243712E+00
  0.858000E+01  0.467135E-03  0.826003E-03  0.427723E-03  0.313998E-03  0.632695E+01  0.243969E+00
  0.860000E+01  0.452494E-03  0.843732E-03  0.429630E-03  0.388051E-03  0.632674E+01  0.244228E+00
  0.863000E+01  0.428802E-03  0.839194E-03  0.432381E-03  0.383912E-03  0.632642E+01  0.244619E+00
  0.866000E+01  0.404009E-03  0.834259E-03  0.436118E-03  0.379942E-03  0.632611E+01  0.245007E+00
  0.869000E+01  0.377697E-03  0.828909E-03  0.440787E-03  0.376189E-03  0.632579E+01  0.245391E+00
  0.872000E+01  0.349226E-03  0.823132E-03  0.446326E-03  0.372685E-03  0.632547E+01  0.245763E+00
  0.875000E+01  0.317520E-03  0.816981E-03  0.452664E-03  0.369394E-03  0.632515E+01  0.246119E+00
  0.877000E+01  0.293658E-03  0.812686E-03  0.457297E-03  0.367234E-03  0.632494E+01  0.245159E+00
  0.879000E+01  0.266389E-03  0.808255E-03  0.462230E-03  0.365032E-03  0.632473E+01  0.244161E+00
  0.881000E+01  0.233521E-03  0.803710E-03  0.467440E-03  0.362760E-03  0.632451E+01  0.243121E+00
  0.883000E+01  0.189421E-03  0.799082E-03  0.472905E-03  0.360324E-03  0.632430E+01  0.242038E+00
  0.885000E+01  0.102304E-03  0.794405E-03  0.478604E-03  0.357704E-03  0.632408E+01  0.240909E+00
  0.888000E+01  0.192785E-03  0.787358E-03  0.487541E-03  0.353264E-03  0.632374E+01  0.241171E+00
  0.891000E+01  0.246811E-03  0.780366E-03  0.496884E-03  0.347967E-03  0.632340E+01  0.241398E+00
  0.894000E+01  0.282756E-03  0.773516E-03  0.506568E-03  0.341537E-03  0.632307E+01  0.241590E+00
  0.897000E+01  0.310557E-03  0.766884E-03  0.516534E-03  0.334093E-03  0.632273E+01  0.241748E+00
  0.900000E+01  0.333652E-03  0.760508E-03  0.526726E-03  0.325667E-03  0.632239E+01  0.241870E+00
  0.902000E+01  0.346783E-03  0.746101E-03  0.532830E-03  0.369179E-03  0.632217E+01  0.241937E+00
  0.904000E+01  0.357838E-03  0.736305E-03  0.537401E-03  0.383176E-03  0.632195E+01  0.242003E+00
  0.906000E+01  0.366994E-03  0.730428E-03  0.540414E-03  0.379827E-03  0.632173E+01  0.242073E+00
  0.908000E+01  0.374369E-03  0.727511E-03  0.541853E-03  0.365074E-03  0.632151E+01  0.242153E+00
  0.910000E+01  0.380049E-03  0.726388E-03  0.541710E-03  0.344057E-03  0.632129E+01  0.242248E+00
  0.913000E+01  0.386800E-03  0.722388E-03  0.540354E-03  0.339992E-03  0.632095E+01  0.242415E+00
  0.916000E+01  0.392619E-03  0.718001E-03  0.539093E-03  0.335853E-03  0.632062E+01  0.242601E+00
  0.919000E+01  0.397657E-03  0.713272E-03  0.537931E-03  0.331843E-03  0.632028E+01  0.242803E+00
  0.922000E+01  0.402044E-03  0.708265E-03  0.536869E-03  0.328138E-03  0.631995E+01  0.243017E+00
  0.925000E+01  0.405897E-03  0.703074E-03  0.535906E-03  0.325001E-03  0.631961E+01  0.243244E+00
  0.927000E+01  0.408225E-03  0.699542E-03  0.535318E-03  0.323267E-03  0.631939E+01  0.242069E+00
  0.929000E+01  0.410394E-03  0.695955E-03  0.534771E-03  0.321752E-03  0.631916E+01  0.240867E+00
  0.931000E+01  0.412435E-03  0.692334E-03  0.534264E-03  0.320412E-03  0.631894E+01  0.239636E+00
  0.933000E+01  0.414378E-03  0.688697E-03  0.533795E-03  0.319261E-03  0.631871E+01  0.238375E+00
  0.935000E+01  0.416253E-03  0.685058E-03  0.533361E-03  0.318324E-03  0.631848E+01  0.237082E+00
  0.938000E+01  0.419002E-03  0.679620E-03  0.532769E-03  0.317222E-03  0.631812E+01  0.237371E+00
  0.941000E+01  0.421762E-03  0.674211E-03  0.532240E-03  0.316359E-03  0.631777E+01  0.237664E+00
  0.944000E+01  0.424629E-03  0.668843E-03  0.531760E-03  0.315643E-03  0.631742E+01  0.237961E+00
  0.947000E+01  0.427694E-03  0.663536E-03  0.531316E-03  0.314994E-03  0.631706E+01  0.238257E+00
  0.950000E+01  0.431047E-03  0.658283E-03  0.530893E-03  0.314266E-03  0.631671E+01  0.238550E+00
  0.952000E+01  0.432835E-03  0.610613E-03  0.529820E-03  0.265189E-03  0.631648E+01  0.238753E+00
  0.954000E+01  0.433514E-03  0.554104E-03  0.527156E-03  0.212700E-03  0.631624E+01  0.238975E+00
  0.956000E+01  0.433103E-03  0.480632E-03  0.522905E-03  0.188484E-03  0.631601E+01  0.239219E+00
  0.958000E+01  0.431618E-03  0.365460E-03  0.517080E-03  0.231618E-03  0.631578E+01  0.239489E+00
  0.960000E+01  0.429076E-03  0.262363E-03  0.509697E-03  0.307444E-03  0.631554E+01  0.239786E+00
  0.963000E+01  0.424753E-03  0.299840E-03  0.497465E-03  0.300606E-03  0.631519E+01  0.240269E+00
  0.966000E+01  0.420994E-03  0.330196E-03  0.485242E-03  0.293472E-03  0.631484E+01  0.240780E+00
  0.969000E+01  0.417807E-03  0.356010E-03  0.473049E-03  0.286303E-03  0.631448E+01  0.241316E+00
  0.972000E+01  0.415195E-03  0.378574E-03  0.460908E-03  0.279559E-03  0.631413E+01  0.241875E+00
  0.975000E+01  0.413161E-03  0.398682E-03  0.448842E-03  0.273471E-03  0.631377E+01  0.242453E+00
  0.977000E+01  0.412127E-03  0.411049E-03  0.440854E-03  0.269857E-03  0.631354E+01  0.241439E+00
  0.979000E+01  0.411348E-03  0.422711E-03  0.432922E-03  0.266645E-03  0.631330E+01  0.240405E+00
  0.981000E+01  0.410822E-03  0.433789E-03  0.425054E-03  0.263835E-03  0.631307E+01  0.239349E+00
  0.983000E+01  0.410548E-03  0.444320E-03  0.417264E-03  0.261358E-03  0.631282E+01  0.238270E+00
  0.985000E+01  0.410521E-03  0.454329E-03  0.409561E-03  0.259069E-03  0.631258E+01  0.237167E+00
  0.988000E+01  0.410936E-03  0.468558E-03  0.398203E-03  0.255651E-03  0.631221E+01  0.237843E+00
  0.991000E+01  0.411883E-03  0.482002E-03  0.387126E-03  0.252023E-03  0.631184E+01  0.238520E+00
  0.994000E+01  0.413343E-03  0.494778E-03  0.376391E-03  0.248108E-03  0.631146E+01  0.239194E+00
  0.997000E+01  0.415288E-03  0.506933E-03  0.366064E-03  0.243640E-03  0.631109E+01  0.239863E+00
  0.100000E+02  0.417687E-03  0.518598E-03  0.356222E-03  0.238246E-03  0.631072E+01  0.240526E+00
