  0.000000E+00  0.000000E+00  0.206578E+01  0.100000E+04  0.875024E+00  0.356523E-02
  0.200000E-01  0.479037E-01  0.206578E+01  0.100000E+04  0.875024E+00  0.357087E-02
  0.400000E-01  0.958074E-01  0.206578E+01  0.100000E+04  0.875024E+00  0.356450E-02
  0.600000E-01  0.143711E+00  0.206578E+01  0.100000E+04  0.875024E+00  0.354619E-02
  0.800000E-01  0.191615E+00  0.206578E+01  0.100000E+04  0.875024E+00  0.353477E-02
  0.100000E+00  0.239518E+00  0.206578E+01  0.100000E+04  0.875024E+00  0.352471E-02
  0.130000E+00  0.311374E+00  0.206578E+01  0.100000E+04  0.875024E+00  0.350448E-02
  0.160000E+00  0.383230E+00  0.206578E+01  0.100000E+04  0.875024E+00  0.348758E-02
  0.190000E+00  0.455085E+00  0.206578E+01  0.100000E+04  0.875024E+00  0.347408E-02
  0.220000E+00  0.526941E+00  0.206578E+01  0.100000E+04  0.875024E+00  0.346401E-02
  0.250000E+00  0.598796E+00  0.206578E+01  0.100000E+04  0.875024E+00  0.345746E-02
  0.270000E+00  0.646700E+00  0.206578E+01  0.100000E+04  0.875024E+00  0.345509E-02
  0.290000E+00  0.694603E+00  0.206578E+01  0.100000E+04  0.875024E+00  0.345437E-02
  0.310000E+00  0.742507E+00  0.206578E+01  0.100000E+04  0.875024E+00  0.345533E-02
  0.330000E+00  0.790411E+00  0.206578E+01  0.100000E+04  0.875024E+00  0.345802E-02
  0.350000E+00  0.838315E+00  0.206578E+01  0.100000E+04  0.875024E+00  0.346252E-02
  0.380000E+00  0.910170E+00  0.206578E+01  0.100000E+04  0.875024E+00  0.347277E-02
  0.410000E+00  0.982026E+00  0.206578E+01  0.100000E+04  0.875024E+00  0.348748E-02
  0.440000E+00  0.105388E+01  0.206578E+01  0.100000E+04  0.875024E+00  0.350694E-02
  0.470000E+00  0.112574E+01  0.206578E+01  0.100000E+04  0.875024E+00  0.353154E-02
  0.500000E+00  0.119759E+01  0.206578E+01  0.100000E+04  0.875024E+00  0.356172E-02
  0.520000E+00  0.124550E+01  0.206578E+01  0.100000E+04  0.875024E+00  0.357981E-02
  0.540000E+00  0.129340E+01  0.206578E+01  0.100000E+04  0.875024E+00  0.358998E-02
  0.560000E+00  0.134130E+01  0.206578E+01  0.100000E+04  0.875024E+00  0.359232E-02
  0.580000E+00  0.138921E+01  0.206578E+01  0.100000E+04  0.875024E+00  0.358691E-02
  0.600000E+00  0.143711E+01  0.206578E+01  0.100000E+04  0.875024E+00  0.357387E-02
  0.630000E+00  0.150897E+01  0.206578E+01  0.100000E+04  0.875024E+00  0.355235E-02
  0.660000E+00  0.158082E+01  0.206578E+01  0.100000E+04  0.875024E+00  0.355095E-02
  0.690000E+00  0.165268E+01  0.206578E+01  0.100000E+04  0.875024E+00  0.358824E-02
  0.720000E+00  0.172453E+01  0.206578E+01  0.100000E+04  0.875024E+00  0.363372E-02
  0.750000E+00  0.179639E+01  0.206578E+01  0.100000E+04  0.875024E+00  0.368846E-02
  0.770000E+00  0.184429E+01  0.206578E+01  0.100000E+04  0.875024E+00  0.373040E-02
  0.790000E+00  0.189220E+01  0.206578E+01  0.100000E+04  0.875024E+00  0.377662E-02
  0.810000E+00  0.194010E+01  0.206578E+01  0.100000E+04  0.875024E+00  0.382700E-02
  0.830000E+00  0.198800E+01  0.206578E+01  0.100000E+04  0.875024E+00  0.388141E-02
  0.850000E+00  0.203591E+01  0.206578E+01  0.100000E+04  0.875024E+00  0.393966E-02
  0.880000E+00  0.210776E+01  0.206578E+01  0.100000E+04  0.875024E+00  0.403369E-02
  0.910000E+00  0.217962E+01  0.206578E+01  0.100000E+04  0.875024E+00  0.413499E-02
  0.940000E+00  0.225147E+01  0.206578E+01  0.100000E+04  0.875024E+00  0.424259E-02
  0.970000E+00  0.232333E+01  0.206578E+01  0.100000E+04  0.875024E+00  0.435541E-02
  0.100000E+01  0.239518E+01  0.206578E+01  0.100000E+04  0.875024E+00  0.447230E-02
  0.102000E+01  0.244309E+01  0.206578E+01  0.100000E+04  0.875024E+00  0.454515E-02
  0.104000E+01  0.249099E+01  0.206578E+01  0.100000E+04  0.875024E+00  0.460515E-02
  0.106000E+01  0.253890E+01  0.206578E+01  0.100000E+04  0.875024E+00  0.465175E-02
  0.108000E+01  0.258680E+01  0.206578E+01  0.100000E+04  0.875024E+00  0.468453E-02
  0.110000E+01  0.263470E+01  0.206578E+01  0.100000E+04  0.875024E+00  0.470318E-02
  0.113000E+01  0.270656E+01  0.206578E+01  0.100000E+04  0.875024E+00  0.472011E-02
  0.116000E+01  0.277841E+01  0.206578E+01  0.100000E+04  0.875024E+00  0.473627E-02
  0.119000E+01  0.285027E+01  0.206578E+01  0.100000E+04  0.875024E+00  0.475159E-02
  0.122000E+01  0.292213E+01  0.206578E+01  0.100000E+04  0.875024E+00  0.476602E-02
  0.125000E+01  0.299398E+01  0.206578E+01  0.100000E+04  0.875024E+00  0.477956E-02
  0.127000E+01  0.304188E+01  0.206578E+01  0.100000E+04  0.875024E+00  0.478809E-02
  0.129000E+01  0.308979E+01  0.206578E+01  0.100000E+04  0.875024E+00  0.479623E-02
  0.131000E+01  0.313769E+01  0.206578E+01  0.100000E+04  0.875024E+00  0.480399E-02
  0.133000E+01  0.318560E+01  0.206578E+01  0.100000E+04  0.875024E+00  0.481138E-02
  0.135000E+01  0.323350E+01  0.206578E+01  0.100000E+04  0.875024E+00  0.481842E-02
  0.138000E+01  0.330535E+01  0.206578E+01  0.100000E+04  0.875024E+00  0.482835E-02
  0.141000E+01  0.337721E+01  0.206578E+01  0.100000E+04  0.875024E+00  0.483759E-02
  0.144000E+01  0.344907E+01  0.206578E+01  0.100000E+04  0.875024E+00  0.484620E-02
  0.147000E+01  0.352092E+01  0.206578E+01  0.100000E+04  0.875024E+00  0.485425E-02
  0.150000E+01  0.359278E+01  0.206578E+01  0.100000E+04  0.875024E+00  0.486179E-02
  0.152000E+01  0.364068E+01  0.206578E+01  0.100000E+04  0.875024E+00  0.485929E-02
  0.154000E+01  0.368858E+01  0.206578E+01  0.100000E+04  0.875024E+00  0.484205E-02
  0.156000E+01  0.373649E+01  0.206578E+01  0.100000E+04  0.875024E+00  0.481019E-02
  0.158000E+01  0.378439E+01  0.206578E+01  0.100000E+04  0.875024E+00  0.478297E-02
  0.160000E+01  0.383230E+01  0.206578E+01  0.100000E+04  0.875024E+00  0.476174E-02
  0.163000E+01  0.390415E+01  0.206578E+01  0.100000E+04  0.875024E+00  0.471911E-02
  0.166000E+01  0.397601E+01  0.206578E+01  0.100000E+04  0.875024E+00  0.467652E-02
  0.169000E+01  0.404786E+01  0.206578E+01  0.100000E+04  0.875024E+00  0.463411E-02
  0.172000E+01  0.411972E+01  0.206578E+01  0.100000E+04  0.875024E+00  0.459204E-02
  0.175000E+01  0.419157E+01  0.206578E+01  0.100000E+04  0.875024E+00  0.455051E-02
  0.177000E+01  0.423948E+01  0.206578E+01  0.100000E+04  0.875024E+00  0.452321E-02
  0.179000E+01  0.428738E+01  0.206578E+01  0.100000E+04  0.875024E+00  0.449631E-02
  0.181000E+01  0.433528E+01  0.206578E+01  0.100000E+04  0.875024E+00  0.450452E-02
  0.183000E+01  0.438319E+01  0.206578E+01  0.100000E+04  0.875024E+00  0.453246E-02
  0.185000E+01  0.443109E+01  0.206578E+01  0.100000E+04  0.875024E+00  0.455984E-02
  0.188000E+01  0.450295E+01  0.206578E+01  0.100000E+04  0.875024E+00  0.460002E-02
  0.191000E+01  0.457480E+01  0.206578E+01  0.100000E+04  0.875024E+00  0.463955E-02
  0.194000E+01  0.464666E+01  0.206578E+01  0.100000E+04  0.875024E+00  0.467884E-02
  0.197000E+01  0.471851E+01  0.206578E+01  0.100000E+04  0.875024E+00  0.471829E-02
  0.200000E+01  0.479037E+01  0.206578E+01  0.100000E+04  0.875024E+00  0.475824E-02
  0.202000E+01  0.483827E+01  0.206578E+01  0.100000E+04  0.875024E+00  0.477814E-02
  0.204000E+01  0.488618E+01  0.206578E+01  0.100000E+04  0.875024E+00  0.478408E-02
  0.206000E+01  0.493408E+01  0.206578E+01  0.100000E+04  0.875024E+00  0.477601E-02
  0.208000E+01  0.498198E+01  0.206578E+01  0.100000E+04  0.875024E+00  0.475385E-02
  0.210000E+01  0.502989E+01  0.206578E+01  0.100000E+04  0.875024E+00  0.471749E-02
  0.213000E+01  0.510174E+01  0.206578E+01  0.100000E+04  0.875024E+00  0.465195E-02
  0.216000E+01  0.517360E+01  0.206578E+01  0.100000E+04  0.875024E+00  0.458527E-02
  0.219000E+01  0.524545E+01  0.206578E+01  0.100000E+04  0.875024E+00  0.451669E-02
  0.222000E+01  0.531731E+01  0.206578E+01  0.100000E+04  0.875024E+00  0.444555E-02
  0.225000E+01  0.538916E+01  0.206578E+01  0.100000E+04  0.875024E+00  0.437135E-02
  0.227000E+01  0.543707E+01  0.206578E+01  0.100000E+04  0.875024E+00  0.432002E-02
  0.229000E+01  0.548497E+01  0.206578E+01  0.100000E+04  0.875024E+00  0.426716E-02
  0.231000E+01  0.553288E+01  0.206578E+01  0.100000E+04  0.875024E+00  0.421274E-02
  0.233000E+01  0.558078E+01  0.206578E+01  0.100000E+04  0.875024E+00  0.415680E-02
  0.235000E+01  0.562868E+01  0.206578E+01  0.100000E+04  0.875024E+00  0.411371E-02
  0.238000E+01  0.570054E+01  0.206578E+01  0.100000E+04  0.875024E+00  0.411504E-02
  0.241000E+01  0.577239E+01  0.206578E+01  0.100000E+04  0.875024E+00  0.411233E-02
  0.244000E+01  0.584425E+01  0.206578E+01  0.100000E+04  0.875024E+00  0.410563E-02
  0.247000E+01  0.591611E+01  0.206578E+01  0.100000E+04  0.875024E+00  0.409499E-02
  0.250000E+01  0.598796E+01  0.206578E+01  0.100000E+04  0.875024E+00  0.408046E-02
  0.252000E+01  0.603586E+01  0.206578E+01  0.100000E+04  0.875024E+00  0.407801E-02
  0.254000E+01  0.608377E+01  0.206578E+01  0.100000E+04  0.875024E+00  0.408374E-02
  0.256000E+01  0.613167E+01  0.206578E+01  0.100000E+04  0.875024E+00  0.407635E-02
  0.258000E+01  0.617958E+01  0.206578E+01  0.100000E+04  0.875024E+00  0.405712E-02
  0.260000E+01  0.622748E+01  0.206578E+01  0.100000E+04  0.875024E+00  0.402961E-02
  0.263000E+01  0.629934E+01  0.206578E+01  0.100000E+04  0.875024E+00  0.398465E-02
  0.266000E+01  0.637119E+01  0.206578E+01  0.100000E+04  0.875024E+00  0.394591E-02
  0.269000E+01  0.644305E+01  0.206578E+01  0.100000E+04  0.875024E+00  0.390516E-02
  0.272000E+01  0.651490E+01  0.206578E+01  0.100000E+04  0.875024E+00  0.386231E-02
  0.275000E+01  0.658676E+01  0.206578E+01  0.100000E+04  0.875024E+00  0.381730E-02
  0.277000E+01  0.663466E+01  0.206578E+01  0.100000E+04  0.875024E+00  0.378605E-02
  0.279000E+01  0.668256E+01  0.206578E+01  0.100000E+04  0.875024E+00  0.375378E-02
  0.281000E+01  0.673047E+01  0.206578E+01  0.100000E+04  0.875024E+00  0.372237E-02
  0.283000E+01  0.677837E+01  0.206578E+01  0.100000E+04  0.875024E+00  0.376510E-02
  0.285000E+01  0.682628E+01  0.206578E+01  0.100000E+04  0.875024E+00  0.380824E-02
  0.288000E+01  0.689813E+01  0.206578E+01  0.100000E+04  0.875024E+00  0.387372E-02
  0.291000E+01  0.696999E+01  0.206578E+01  0.100000E+04  0.875024E+00  0.394007E-02
  0.294000E+01  0.704184E+01  0.206578E+01  0.100000E+04  0.875024E+00  0.400717E-02
  0.297000E+01  0.711370E+01  0.206578E+01  0.100000E+04  0.875024E+00  0.407487E-02
  0.300000E+01  0.718555E+01  0.206578E+01  0.100000E+04  0.875024E+00  0.414297E-02
  0.302000E+01  0.723346E+01  0.206578E+01  0.100000E+04  0.875024E+00  0.418223E-02
  0.304000E+01  0.728136E+01  0.206578E+01  0.100000E+04  0.875024E+00  0.420895E-02
  0.306000E+01  0.732926E+01  0.206578E+01  0.100000E+04  0.875024E+00  0.422302E-02
  0.308000E+01  0.737717E+01  0.206578E+01  0.100000E+04  0.875024E+00  0.422439E-02
  0.310000E+01  0.742507E+01  0.206578E+01  0.100000E+04  0.875024E+00  0.421306E-02
  0.313000E+01  0.749693E+01  0.206578E+01  0.100000E+04  0.875024E+00  0.418664E-02
  0.316000E+01  0.756878E+01  0.206578E+01  0.100000E+04  0.875024E+00  0.416051E-02
  0.319000E+01  0.764064E+01  0.206578E+01  0.100000E+04  0.875024E+00  0.413491E-02
  0.322000E+01  0.771249E+01  0.206578E+01  0.100000E+04  0.875024E+00  0.411014E-02
  0.325000E+01  0.778435E+01  0.206578E+01  0.100000E+04  0.875024E+00  0.408646E-02
  0.327000E+01  0.783225E+01  0.206578E+01  0.100000E+04  0.875024E+00  0.407143E-02
  0.329000E+01  0.788016E+01  0.206578E+01  0.100000E+04  0.875024E+00  0.405709E-02
  0.331000E+01  0.792806E+01  0.206578E+01  0.100000E+04  0.875024E+00  0.404352E-02
  0.333000E+01  0.797596E+01  0.206578E+01  0.100000E+04  0.875024E+00  0.403081E-02
  0.335000E+01  0.802387E+01  0.206578E+01  0.100000E+04  0.875024E+00  0.403519E-02
  0.338000E+01  0.809572E+01  0.206578E+01  0.100000E+04  0.875024E+00  0.409622E-02
  0.341000E+01  0.816758E+01  0.206578E+01  0.100000E+04  0.875024E+00  0.415898E-02
  0.344000E+01  0.823943E+01  0.206578E+01  0.100000E+04  0.875024E+00  0.422291E-02
  0.347000E+01  0.831129E+01  0.206578E+01  0.100000E+04  0.875024E+00  0.428752E-02
  0.350000E+01  0.838315E+01  0.206578E+01  0.100000E+04  0.875024E+00  0.436653E-02
  0.352000E+01  0.843105E+01  0.206578E+01  0.100000E+04  0.875024E+00  0.441840E-02
  0.354000E+01  0.847895E+01  0.206578E+01  0.100000E+04  0.875024E+00  0.445676E-02
  0.356000E+01  0.852686E+01  0.206578E+01  0.100000E+04  0.875024E+00  0.448149E-02
  0.358000E+01  0.857476E+01  0.206578E+01  0.100000E+04  0.875024E+00  0.449258E-02
  0.360000E+01  0.862266E+01  0.206578E+01  0.100000E+04  0.875024E+00  0.449001E-02
  0.363000E+01  0.869452E+01  0.206578E+01  0.100000E+04  0.875024E+00  0.447567E-02
  0.366000E+01  0.876638E+01  0.206578E+01  0.100000E+04  0.875024E+00  0.446086E-02
  0.369000E+01  0.883823E+01  0.206578E+01  0.100000E+04  0.875024E+00  0.444550E-02
  0.372000E+01  0.891009E+01  0.206578E+01  0.100000E+04  0.875024E+00  0.442954E-02
  0.375000E+01  0.898194E+01  0.206578E+01  0.100000E+04  0.875024E+00  0.441291E-02
  0.377000E+01  0.902985E+01  0.206578E+01  0.100000E+04  0.875024E+00  0.440145E-02
  0.379000E+01  0.907775E+01  0.206578E+01  0.100000E+04  0.875024E+00  0.438974E-02
  0.381000E+01  0.912565E+01  0.206578E+01  0.100000E+04  0.875024E+00  0.437783E-02
  0.383000E+01  0.917356E+01  0.206578E+01  0.100000E+04  0.875024E+00  0.436577E-02
  0.385000E+01  0.922146E+01  0.206578E+01  0.100000E+04  0.875024E+00  0.435359E-02
  0.388000E+01  0.929332E+01  0.206578E+01  0.100000E+04  0.875024E+00  0.433521E-02
  0.391000E+01  0.936517E+01  0.206578E+01  0.100000E+04  0.875024E+00  0.433681E-02
  0.394000E+01  0.943703E+01  0.206578E+01  0.100000E+04  0.875024E+00  0.438124E-02
  0.397000E+01  0.950888E+01  0.206578E+01  0.100000E+04  0.875024E+00  0.443683E-02
  0.400000E+01  0.958074E+01  0.206578E+01  0.100000E+04  0.875024E+00  0.449186E-02
  0.402000E+01  0.962864E+01  0.206578E+01  0.100000E+04  0.875024E+00  0.452156E-02
  0.404000E+01  0.967655E+01  0.206578E+01  0.100000E+04  0.875024E+00  0.454458E-02
  0.406000E+01  0.972445E+01  0.206578E+01  0.100000E+04  0.875024E+00  0.456149E-02
  0.408000E+01  0.977235E+01  0.206578E+01  0.100000E+04  0.875024E+00  0.456441E-02
  0.410000E+01  0.982026E+01  0.206578E+01  0.100000E+04  0.875024E+00  0.455334E-02
  0.413000E+01  0.989211E+01  0.206578E+01  0.100000E+04  0.875024E+00  0.453864E-02
  0.416000E+01  0.996397E+01  0.206578E+01  0.100000E+04  0.875024E+00  0.455317E-02
  0.419000E+01  0.100358E+02  0.206578E+01  0.100000E+04  0.875024E+00  0.456849E-02
  0.422000E+01  0.101077E+02  0.206578E+01  0.100000E+04  0.875024E+00  0.458448E-02
  0.425000E+01  0.101795E+02  0.206578E+01  0.100000E+04  0.875024E+00  0.460102E-02
  0.427000E+01  0.102274E+02  0.206578E+01  0.100000E+04  0.875024E+00  0.461229E-02
  0.429000E+01  0.102753E+02  0.206578E+01  0.100000E+04  0.875024E+00  0.462370E-02
  0.431000E+01  0.103232E+02  0.206578E+01  0.100000E+04  0.875024E+00  0.463521E-02
  0.433000E+01  0.103711E+02  0.206578E+01  0.100000E+04  0.875024E+00  0.464680E-02
  0.435000E+01  0.104191E+02  0.206578E+01  0.100000E+04  0.875024E+00  0.465843E-02
  0.438000E+01  0.104909E+02  0.206578E+01  0.100000E+04  0.875024E+00  0.467588E-02
  0.441000E+01  0.105628E+02  0.206578E+01  0.100000E+04  0.875024E+00  0.469333E-02
  0.444000E+01  0.106346E+02  0.206578E+01  0.100000E+04  0.875024E+00  0.471078E-02
  0.447000E+01  0.107065E+02  0.206578E+01  0.100000E+04  0.875024E+00  0.472822E-02
  0.450000E+01  0.107783E+02  0.206578E+01  0.100000E+04  0.875024E+00  0.474563E-02
  0.452000E+01  0.108262E+02  0.206578E+01  0.100000E+04  0.875024E+00  0.475009E-02
  0.454000E+01  0.108741E+02  0.206578E+01  0.100000E+04  0.875024E+00  0.474026E-02
  0.456000E+01  0.109220E+02  0.206578E+01  0.100000E+04  0.875024E+00  0.471617E-02
  0.458000E+01  0.109699E+02  0.206578E+01  0.100000E+04  0.875024E+00  0.467787E-02
  0.460000E+01  0.110178E+02  0.206578E+01  0.100000E+04  0.875024E+00  0.463702E-02
  0.463000E+01  0.110897E+02  0.206578E+01  0.100000E+04  0.875024E+00  0.460315E-02
  0.466000E+01  0.111616E+02  0.206578E+01  0.100000E+04  0.875024E+00  0.456879E-02
  0.469000E+01  0.112334E+02  0.206578E+01  0.100000E+04  0.875024E+00  0.453391E-02
  0.472000E+01  0.113053E+02  0.206578E+01  0.100000E+04  0.875024E+00  0.449844E-02
  0.475000E+01  0.113771E+02  0.206578E+01  0.100000E+04  0.875024E+00  0.446235E-02
  0.477000E+01  0.114250E+02  0.206578E+01  0.100000E+04  0.875024E+00  0.444459E-02
  0.479000E+01  0.114729E+02  0.206578E+01  0.100000E+04  0.875024E+00  0.444329E-02
  0.481000E+01  0.115208E+02  0.206578E+01  0.100000E+04  0.875024E+00  0.444293E-02
  0.483000E+01  0.115687E+02  0.206578E+01  0.100000E+04  0.875024E+00  0.444352E-02
  0.485000E+01  0.116166E+02  0.206578E+01  0.100000E+04  0.875024E+00  0.444507E-02
  0.488000E+01  0.116885E+02  0.206578E+01  0.100000E+04  0.875024E+00  0.444918E-02
  0.491000E+01  0.117604E+02  0.206578E+01  0.100000E+04  0.875024E+00  0.445543E-02
  0.494000E+01  0.118322E+02  0.206578E+01  0.100000E+04  0.875024E+00  0.446377E-02
  0.497000E+01  0.119041E+02  0.206578E+01  0.100000E+04  0.875024E+00  0.447413E-02
  0.500000E+01  0.119759E+02  0.206578E+01  0.100000E+04  0.875024E+00  0.448644E-02
  0.502000E+01  0.120238E+02  0.206578E+01  0.100000E+04  0.875024E+00  0.448896E-02
  0.504000E+01  0.120717E+02  0.206578E+01  0.100000E+04  0.875024E+00  0.447881E-02
  0.506000E+01  0.121196E+02  0.206578E+01  0.100000E+04  0.875024E+00  0.445602E-02
  0.508000E+01  0.121675E+02  0.206578E+01  0.100000E+04  0.875024E+00  0.442069E-02
  0.510000E+01  0.122154E+02  0.206578E+01  0.100000E+04  0.875024E+00  0.437301E-02
  0.513000E+01  0.122873E+02  0.206578E+01  0.100000E+04  0.875024E+00  0.429355E-02
  0.516000E+01  0.123592E+02  0.206578E+01  0.100000E+04  0.875024E+00  0.421685E-02
  0.519000E+01  0.124310E+02  0.206578E+01  0.100000E+04  0.875024E+00  0.422587E-02
  0.522000E+01  0.125029E+02  0.206578E+01  0.100000E+04  0.875024E+00  0.424188E-02
  0.525000E+01  0.125747E+02  0.206578E+01  0.100000E+04  0.875024E+00  0.425710E-02
  0.527000E+01  0.126226E+02  0.206578E+01  0.100000E+04  0.875024E+00  0.426680E-02
  0.529000E+01  0.126705E+02  0.206578E+01  0.100000E+04  0.875024E+00  0.427614E-02
  0.531000E+01  0.127184E+02  0.206578E+01  0.100000E+04  0.875024E+00  0.428512E-02
  0.533000E+01  0.127663E+02  0.206578E+01  0.100000E+04  0.875024E+00  0.429372E-02
  0.535000E+01  0.128142E+02  0.206578E+01  0.100000E+04  0.875024E+00  0.430195E-02
  0.538000E+01  0.128861E+02  0.206578E+01  0.100000E+04  0.875024E+00  0.431359E-02
  0.541000E+01  0.129579E+02  0.206578E+01  0.100000E+04  0.875024E+00  0.432436E-02
  0.544000E+01  0.130298E+02  0.206578E+01  0.100000E+04  0.875024E+00  0.433425E-02
  0.547000E+01  0.131017E+02  0.206578E+01  0.100000E+04  0.875024E+00  0.434326E-02
  0.550000E+01  0.131735E+02  0.206578E+01  0.100000E+04  0.875024E+00  0.435139E-02
  0.552000E+01  0.132214E+02  0.206578E+01  0.100000E+04  0.875024E+00  0.434978E-02
  0.554000E+01  0.132693E+02  0.206578E+01  0.100000E+04  0.875024E+00  0.435692E-02
  0.556000E+01  0.133172E+02  0.206578E+01  0.100000E+04  0.875024E+00  0.436118E-02
  0.558000E+01  0.133651E+02  0.206578E+01  0.100000E+04  0.875024E+00  0.435200E-02
  0.560000E+01  0.134130E+02  0.206578E+01  0.100000E+04  0.875024E+00  0.432942E-02
  0.563000E+01  0.134849E+02  0.206578E+01  0.100000E+04  0.875024E+00  0.428532E-02
  0.566000E+01  0.135567E+02  0.206578E+01  0.100000E+04  0.875024E+00  0.424084E-02
  0.569000E+01  0.136286E+02  0.206578E+01  0.100000E+04  0.875024E+00  0.419629E-02
  0.572000E+01  0.137005E+02  0.206578E+01  0.100000E+04  0.875024E+00  0.415201E-02
  0.575000E+01  0.137723E+02  0.206578E+01  0.100000E+04  0.875024E+00  0.412990E-02
  0.577000E+01  0.138202E+02  0.206578E+01  0.100000E+04  0.875024E+00  0.415063E-02
  0.579000E+01  0.138681E+02  0.206578E+01  0.100000E+04  0.875024E+00  0.417981E-02
  0.581000E+01  0.139160E+02  0.206578E+01  0.100000E+04  0.875024E+00  0.420813E-02
  0.583000E+01  0.139639E+02  0.206578E+01  0.100000E+04  0.875024E+00  0.423562E-02
  0.585000E+01  0.140118E+02  0.206578E+01  0.100000E+04  0.875024E+00  0.426234E-02
  0.588000E+01  0.140837E+02  0.206578E+01  0.100000E+04  0.875024E+00  0.430221E-02
  0.591000E+01  0.141555E+02  0.206578E+01  0.100000E+04  0.875024E+00  0.440115E-02
  0.594000E+01  0.142274E+02  0.206578E+01  0.100000E+04  0.875024E+00  0.450293E-02
  0.597000E+01  0.142993E+02  0.206578E+01  0.100000E+04  0.875024E+00  0.460715E-02
  0.600000E+01  0.143711E+02  0.206578E+01  0.100000E+04  0.875024E+00  0.471334E-02
  0.602000E+01  0.144190E+02  0.206578E+01  0.100000E+04  0.875024E+00  0.477793E-02
  0.604000E+01  0.144669E+02  0.206578E+01  0.100000E+04  0.875024E+00  0.482879E-02
  0.606000E+01  0.145148E+02  0.206578E+01  0.100000E+04  0.875024E+00  0.490331E-02
  0.608000E+01  0.145627E+02  0.206578E+01  0.100000E+04  0.875024E+00  0.496300E-02
  0.610000E+01  0.146106E+02  0.206578E+01  0.100000E+04  0.875024E+00  0.500750E-02
  0.613000E+01  0.146825E+02  0.206578E+01  0.100000E+04  0.875024E+00  0.506221E-02
  0.616000E+01  0.147543E+02  0.206578E+01  0.100000E+04  0.875024E+00  0.511576E-02
  0.619000E+01  0.148262E+02  0.206578E+01  0.100000E+04  0.875024E+00  0.516790E-02
  0.622000E+01  0.148980E+02  0.206578E+01  0.100000E+04  0.875024E+00  0.521842E-02
  0.625000E+01  0.149699E+02  0.206578E+01  0.100000E+04  0.875024E+00  0.526702E-02
  0.627000E+01  0.150178E+02  0.206578E+01  0.100000E+04  0.875024E+00  0.529821E-02
  0.629000E+01  0.150657E+02  0.206578E+01  0.100000E+04  0.875024E+00  0.532832E-02
  0.631000E+01  0.151136E+02  0.206578E+01  0.100000E+04  0.875024E+00  0.535727E-02
  0.633000E+01  0.151615E+02  0.206578E+01  0.100000E+04  0.875024E+00  0.538498E-02
  0.635000E+01  0.152094E+02  0.206578E+01  0.100000E+04  0.875024E+00  0.541139E-02
  0.638000E+01  0.152813E+02  0.206578E+01  0.100000E+04  0.875024E+00  0.544848E-02
  0.641000E+01  0.153531E+02  0.206578E+01  0.100000E+04  0.875024E+00  0.548243E-02
  0.644000E+01  0.154250E+02  0.206578E+01  0.100000E+04  0.875024E+00  0.551320E-02
  0.647000E+01  0.154968E+02  0.206578E+01  0.100000E+04  0.875024E+00  0.554077E-02
  0.650000E+01  0.155687E+02  0.206578E+01  0.100000E+04  0.875024E+00  0.556520E-02
  0.652000E+01  0.156166E+02  0.206578E+01  0.100000E+04  0.875024E+00  0.557142E-02
  0.654000E+01  0.156645E+02  0.206578E+01  0.100000E+04  0.875024E+00  0.555964E-02
  0.656000E+01  0.157124E+02  0.206578E+01  0.100000E+04  0.875024E+00  0.552996E-02
  0.658000E+01  0.157603E+02  0.206578E+01  0.100000E+04  0.875024E+00  0.548257E-02
  0.660000E+01  0.158082E+02  0.206578E+01  0.100000E+04  0.875024E+00  0.541772E-02
  0.663000E+01  0.158801E+02  0.206578E+01  0.100000E+04  0.875024E+00  0.530660E-02
  0.666000E+01  0.159519E+02  0.206578E+01  0.100000E+04  0.875024E+00  0.519394E-02
  0.669000E+01  0.160238E+02  0.206578E+01  0.100000E+04  0.875024E+00  0.508018E-02
  0.672000E+01  0.160956E+02  0.206578E+01  0.100000E+04  0.875024E+00  0.507684E-02
  0.675000E+01  0.161675E+02  0.206578E+01  0.100000E+04  0.875024E+00  0.510332E-02
  0.677000E+01  0.162154E+02  0.206578E+01  0.100000E+04  0.875024E+00  0.512024E-02
  0.679000E+01  0.162633E+02  0.206578E+01  0.100000E+04  0.875024E+00  0.513655E-02
  0.681000E+01  0.163112E+02  0.206578E+01  0.100000E+04  0.875024E+00  0.515223E-02
  0.683000E+01  0.163591E+02  0.206578E+01  0.100000E+04  0.875024E+00  0.516726E-02
  0.685000E+01  0.164070E+02  0.206578E+01  0.100000E+04  0.875024E+00  0.518163E-02
  0.688000E+01  0.164789E+02  0.206578E+01  0.100000E+04  0.875024E+00  0.520193E-02
  0.691000E+01  0.165507E+02  0.206578E+01  0.100000E+04  0.875024E+00  0.522069E-02
  0.694000E+01  0.166226E+02  0.206578E+01  0.100000E+04  0.875024E+00  0.523786E-02
  0.697000E+01  0.166944E+02  0.206578E+01  0.100000E+04  0.875024E+00  0.525340E-02
  0.700000E+01  0.167663E+02  0.206578E+01  0.100000E+04  0.875024E+00  0.526728E-02
  0.702000E+01  0.168142E+02  0.206578E+01  0.100000E+04  0.875024E+00  0.526771E-02
  0.704000E+01  0.168621E+02  0.206578E+01  0.100000E+04  0.875024E+00  0.525161E-02
  0.706000E+01  0.169100E+02  0.206578E+01  0.100000E+04  0.875024E+00  0.521909E-02
  0.708000E+01  0.169579E+02  0.206578E+01  0.100000E+04  0.875024E+00  0.517031E-02
  0.710000E+01  0.170058E+02  0.206578E+01  0.100000E+04  0.875024E+00  0.510548E-02
  0.713000E+01  0.170777E+02  0.206578E+01  0.100000E+04  0.875024E+00  0.499584E-02
  0.716000E+01  0.171495E+02  0.206578E+01  0.100000E+04  0.875024E+00  0.488544E-02
  0.719000E+01  0.172214E+02  0.206578E+01  0.100000E+04  0.875024E+00  0.479644E-02
  0.722000E+01  0.172932E+02  0.206578E+01  0.100000E+04  0.875024E+00  0.477661E-02
  0.725000E+01  0.173651E+02  0.206578E+01  0.100000E+04  0.875024E+00  0.475848E-02
  0.727000E+01  0.174130E+02  0.206578E+01  0.100000E+04  0.875024E+00  0.474721E-02
  0.729000E+01  0.174609E+02  0.206578E+01  0.100000E+04  0.875024E+00  0.473647E-02
  0.731000E+01  0.175088E+02  0.206578E+01  0.100000E+04  0.875024E+00  0.472618E-02
  0.733000E+01  0.175567E+02  0.206578E+01  0.100000E+04  0.875024E+00  0.471627E-02
  0.735000E+01  0.176046E+02  0.206578E+01  0.100000E+04  0.875024E+00  0.470665E-02
  0.738000E+01  0.176765E+02  0.206578E+01  0.100000E+04  0.875024E+00  0.469262E-02
  0.741000E+01  0.177483E+02  0.206578E+01  0.100000E+04  0.875024E+00  0.467889E-02
  0.744000E+01  0.178202E+02  0.206578E+01  0.100000E+04  0.875024E+00  0.466528E-02
  0.747000E+01  0.178920E+02  0.206578E+01  0.100000E+04  0.875024E+00  0.465167E-02
  0.750000E+01  0.179639E+02  0.206578E+01  0.100000E+04  0.875024E+00  0.463795E-02
  0.752000E+01  0.180118E+02  0.206578E+01  0.100000E+04  0.875024E+00  0.462179E-02
  0.754000E+01  0.180597E+02  0.206578E+01  0.100000E+04  0.875024E+00  0.459171E-02
  0.756000E+01  0.181076E+02  0.206578E+01  0.100000E+04  0.875024E+00  0.457281E-02
  0.758000E+01  0.181555E+02  0.206578E+01  0.100000E+04  0.875024E+00  0.456069E-02
  0.760000E+01  0.182034E+02  0.206578E+01  0.100000E+04  0.875024E+00  0.453568E-02
  0.763000E+01  0.182753E+02  0.206578E+01  0.100000E+04  0.875024E+00  0.448943E-02
  0.766000E+01  0.183471E+02  0.206578E+01  0.100000E+04  0.875024E+00  0.444488E-02
  0.769000E+01  0.184190E+02  0.206578E+01  0.100000E+04  0.875024E+00  0.440200E-02
  0.772000E+01  0.184908E+02  0.206578E+01  0.100000E+04  0.875024E+00  0.436072E-02
  0.775000E+01  0.185627E+02  0.206578E+01  0.100000E+04  0.875024E+00  0.432098E-02
  0.777000E+01  0.186106E+02  0.206578E+01  0.100000E+04  0.875024E+00  0.429530E-02
  0.779000E+01  0.186585E+02  0.206578E+01  0.100000E+04  0.875024E+00  0.427024E-02
  0.781000E+01  0.187064E+02  0.206578E+01  0.100000E+04  0.875024E+00  0.424578E-02
  0.783000E+01  0.187543E+02  0.206578E+01  0.100000E+04  0.875024E+00  0.422191E-02
  0.785000E+01  0.188022E+02  0.206578E+01  0.100000E+04  0.875024E+00  0.419859E-02
  0.788000E+01  0.188741E+02  0.206578E+01  0.100000E+04  0.875024E+00  0.417386E-02
  0.791000E+01  0.189459E+02  0.206578E+01  0.100000E+04  0.875024E+00  0.424787E-02
  0.794000E+01  0.190178E+02  0.206578E+01  0.100000E+04  0.875024E+00  0.432215E-02
  0.797000E+01  0.190896E+02  0.206578E+01  0.100000E+04  0.875024E+00  0.439638E-02
  0.800000E+01  0.191615E+02  0.206578E+01  0.100000E+04  0.875024E+00  0.447030E-02
  0.802000E+01  0.192094E+02  0.206578E+01  0.100000E+04  0.875024E+00  0.451255E-02
  0.804000E+01  0.192573E+02  0.206578E+01  0.100000E+04  0.875024E+00  0.454102E-02
  0.806000E+01  0.193052E+02  0.206578E+01  0.100000E+04  0.875024E+00  0.455563E-02
  0.808000E+01  0.193531E+02  0.206578E+01  0.100000E+04  0.875024E+00  0.455634E-02
  0.810000E+01  0.194010E+02  0.206578E+01  0.100000E+04  0.875024E+00  0.454315E-02
  0.813000E+01  0.194728E+02  0.206578E+01  0.100000E+04  0.875024E+00  0.451267E-02
  0.816000E+01  0.195447E+02  0.206578E+01  0.100000E+04  0.875024E+00  0.448161E-02
  0.819000E+01  0.196166E+02  0.206578E+01  0.100000E+04  0.875024E+00  0.444998E-02
  0.822000E+01  0.196884E+02  0.206578E+01  0.100000E+04  0.875024E+00  0.441784E-02
  0.825000E+01  0.197603E+02  0.206578E+01  0.100000E+04  0.875024E+00  0.438531E-02
  0.827000E+01  0.198082E+02  0.206578E+01  0.100000E+04  0.875024E+00  0.437544E-02
  0.829000E+01  0.198561E+02  0.206578E+01  0.100000E+04  0.875024E+00  0.439187E-02
  0.831000E+01  0.199040E+02  0.206578E+01  0.100000E+04  0.875024E+00  0.440841E-02
  0.833000E+01  0.199519E+02  0.206578E+01  0.100000E+04  0.875024E+00  0.442505E-02
  0.835000E+01  0.199998E+02  0.206578E+01  0.100000E+04  0.875024E+00  0.444177E-02
  0.838000E+01  0.200716E+02  0.206578E+01  0.100000E+04  0.875024E+00  0.451900E-02
  0.841000E+01  0.201435E+02  0.206578E+01  0.100000E+04  0.875024E+00  0.459698E-02
  0.844000E+01  0.202154E+02  0.206578E+01  0.100000E+04  0.875024E+00  0.467524E-02
  0.847000E+01  0.202872E+02  0.206578E+01  0.100000E+04  0.875024E+00  0.475359E-02
  0.850000E+01  0.203591E+02  0.206578E+01  0.100000E+04  0.875024E+00  0.483200E-02
  0.852000E+01  0.204070E+02  0.206578E+01  0.100000E+04  0.875024E+00  0.487706E-02
  0.854000E+01  0.204549E+02  0.206578E+01  0.100000E+04  0.875024E+00  0.490754E-02
  0.856000E+01  0.205028E+02  0.206578E+01  0.100000E+04  0.875024E+00  0.492334E-02
  0.858000E+01  0.205507E+02  0.206578E+01  0.100000E+04  0.875024E+00  0.492442E-02
  0.860000E+01  0.205986E+02  0.206578E+01  0.100000E+04  0.875024E+00  0.491076E-02
  0.863000E+01  0.206704E+02  0.206578E+01  0.100000E+04  0.875024E+00  0.487922E-02
  0.866000E+01  0.207423E+02  0.206578E+01  0.100000E+04  0.875024E+00  0.484764E-02
  0.869000E+01  0.208142E+02  0.206578E+01  0.100000E+04  0.875024E+00  0.481598E-02
  0.872000E+01  0.208860E+02  0.206578E+01  0.100000E+04  0.875024E+00  0.483453E-02
  0.875000E+01  0.209579E+02  0.206578E+01  0.100000E+04  0.875024E+00  0.485817E-02
  0.877000E+01  0.210058E+02  0.206578E+01  0.100000E+04  0.875024E+00  0.487416E-02
  0.879000E+01  0.210537E+02  0.206578E+01  0.100000E+04  0.875024E+00  0.489032E-02
  0.881000E+01  0.211016E+02  0.206578E+01  0.100000E+04  0.875024E+00  0.490666E-02
  0.883000E+01  0.211495E+02  0.206578E+01  0.100000E+04  0.875024E+00  0.492317E-02
  0.885000E+01  0.211974E+02  0.206578E+01  0.100000E+04  0.875024E+00  0.493986E-02
  0.888000E+01  0.212692E+02  0.206578E+01  0.100000E+04  0.875024E+00  0.496522E-02
  0.891000E+01  0.213411E+02  0.206578E+01  0.100000E+04  0.875024E+00  0.499095E-02
  0.894000E+01  0.214129E+02  0.206578E+01  0.100000E+04  0.875024E+00  0.501703E-02
  0.897000E+01  0.214848E+02  0.206578E+01  0.100000E+04  0.875024E+00  0.504347E-02
  0.900000E+01  0.215567E+02  0.206578E+01  0.100000E+04  0.875024E+00  0.507022E-02
  0.902000E+01  0.216046E+02  0.206578E+01  0.100000E+04  0.875024E+00  0.508062E-02
  0.904000E+01  0.216525E+02  0.206578E+01  0.100000E+04  0.875024E+00  0.507591E-02
  0.906000E+01  0.217004E+02  0.206578E+01  0.100000E+04  0.875024E+00  0.505611E-02
  0.908000E+01  0.217483E+02  0.206578E+01  0.100000E+04  0.875024E+00  0.502128E-02
  0.910000E+01  0.217962E+02  0.206578E+01  0.100000E+04  0.875024E+00  0.497151E-02
  0.913000E+01  0.218680E+02  0.206578E+01  0.100000E+04  0.875024E+00  0.488590E-02
  0.916000E+01  0.219399E+02  0.206578E+01  0.100000E+04  0.875024E+00  0.480063E-02
  0.919000E+01  0.220117E+02  0.206578E+01  0.100000E+04  0.875024E+00  0.473424E-02
  0.922000E+01  0.220836E+02  0.206578E+01  0.100000E+04  0.875024E+00  0.470936E-02
  0.925000E+01  0.221555E+02  0.206578E+01  0.100000E+04  0.875024E+00  0.468449E-02
  0.927000E+01  0.222034E+02  0.206578E+01  0.100000E+04  0.875024E+00  0.466791E-02
  0.929000E+01  0.222513E+02  0.206578E+01  0.100000E+04  0.875024E+00  0.465131E-02
  0.931000E+01  0.222992E+02  0.206578E+01  0.100000E+04  0.875024E+00  0.463468E-02
  0.933000E+01  0.223471E+02  0.206578E+01  0.100000E+04  0.875024E+00  0.461802E-02
  0.935000E+01  0.223950E+02  0.206578E+01  0.100000E+04  0.875024E+00  0.460765E-02
  0.938000E+01  0.224668E+02  0.206578E+01  0.100000E+04  0.875024E+00  0.465049E-02
  0.941000E+01  0.225387E+02  0.206578E+01  0.100000E+04  0.875024E+00  0.469310E-02
  0.944000E+01  0.226105E+02  0.206578E+01  0.100000E+04  0.875024E+00  0.473554E-02
  0.947000E+01  0.226824E+02  0.206578E+01  0.100000E+04  0.875024E+00  0.477783E-02
  0.950000E+01  0.227543E+02  0.206578E+01  0.100000E+04  0.875024E+00  0.482000E-02
  0.952000E+01  0.228022E+02  0.206578E+01  0.100000E+04  0.875024E+00  0.486243E-02
  0.954000E+01  0.228501E+02  0.206578E+01  0.100000E+04  0.875024E+00  0.489611E-02
  0.956000E+01  0.228980E+02  0.206578E+01  0.100000E+04  0.875024E+00  0.491553E-02
  0.958000E+01  0.229459E+02  0.206578E+01  0.100000E+04  0.875024E+00  0.492062E-02
  0.960000E+01  0.229938E+02  0.206578E+01  0.100000E+04  0.875024E+00  0.491135E-02
  0.963000E+01  0.230656E+02  0.206578E+01  0.100000E+04  0.875024E+00  0.488709E-02
  0.966000E+01  0.231375E+02  0.206578E+01  0.100000E+04  0.875024E+00  0.486360E-02
  0.969000E+01  0.232093E+02  0.206578E+01  0.100000E+04  0.875024E+00  0.484082E-02
  0.972000E+01  0.232812E+02  0.206578E+01  0.100000E+04  0.875024E+00  0.481863E-02
  0.975000E+01  0.233530E+02  0.206578E+01  0.100000E+04  0.875024E+00  0.479697E-02
  0.977000E+01  0.234010E+02  0.206578E+01  0.100000E+04  0.875024E+00  0.478277E-02
  0.979000E+01  0.234489E+02  0.206578E+01  0.100000E+04  0.875024E+00  0.476872E-02
  0.981000E+01  0.234968E+02  0.206578E+01  0.100000E+04  0.875024E+00  0.475481E-02
  0.983000E+01  0.235447E+02  0.206578E+01  0.100000E+04  0.875024E+00  0.474100E-02
  0.985000E+01  0.235926E+02  0.206578E+01  0.100000E+04  0.875024E+00  0.472726E-02
  0.988000E+01  0.236644E+02  0.206578E+01  0.100000E+04  0.875024E+00  0.470675E-02
  0.991000E+01  0.237363E+02  0.206578E+01  0.100000E+04  0.875024E+00  0.468629E-02
  0.994000E+01  0.238081E+02  0.206578E+01  0.100000E+04  0.875024E+00  0.466583E-02
  0.997000E+01  0.238800E+02  0.206578E+01  0.100000E+04  0.875024E+00  0.464532E-02
  0.100000E+02  0.239518E+02  0.206578E+01  0.100000E+04  0.875024E+00  0.462476E-02
