  0.000000E+00 -0.262960E-05  0.717393E-03  0.178602E-05  0.800311E-03 -0.283104E+00  0.998571E-06
  0.200000E-01 -0.252885E-05  0.720895E-03  0.828558E-05  0.777904E-03 -0.172232E+00  0.998974E-06
  0.400000E-01 -0.229908E-05  0.722670E-03  0.146859E-04  0.766905E-03 -0.593399E-01  0.100005E-05
  0.600000E-01 -0.194219E-05  0.722711E-03  0.209947E-04  0.767954E-03  0.539230E-01  0.100178E-05
  0.800000E-01 -0.145991E-05  0.721018E-03  0.272212E-04  0.780993E-03  0.165912E+00  0.100416E-05
  0.100000E+00 -0.853803E-06  0.717603E-03  0.333742E-04  0.805277E-03  0.275012E+00  0.100717E-05
  0.130000E+00  0.283389E-06  0.711711E-03  0.424363E-04  0.807445E-03  0.227427E+00  0.101291E-05
  0.160000E+00  0.169436E-05  0.706876E-03  0.516262E-04  0.811062E-03  0.179215E+00  0.102009E-05
  0.190000E+00  0.338239E-05  0.703144E-03  0.609067E-04  0.816148E-03  0.130422E+00  0.102862E-05
  0.220000E+00  0.534962E-05  0.700561E-03  0.702389E-04  0.822685E-03  0.810938E-01  0.103839E-05
  0.250000E+00  0.759693E-05  0.699171E-03  0.795791E-04  0.830614E-03  0.312951E-01  0.104924E-05
  0.270000E+00  0.925057E-05  0.698928E-03  0.857851E-04  0.836626E-03 -0.213164E-02  0.105698E-05
  0.290000E+00  0.110280E-04  0.699246E-03  0.919586E-04  0.843175E-03 -0.357153E-01  0.106506E-05
  0.310000E+00  0.129284E-04  0.700135E-03  0.980848E-04  0.850217E-03 -0.694323E-01  0.107342E-05
  0.330000E+00  0.149508E-04  0.701605E-03  0.104149E-03  0.857695E-03 -0.103250E+00  0.108200E-05
  0.350000E+00  0.170936E-04  0.703661E-03  0.110135E-03  0.865551E-03 -0.137133E+00  0.109072E-05
  0.380000E+00  0.205299E-04  0.707857E-03  0.118943E-03  0.877912E-03 -0.188010E+00  0.110397E-05
  0.410000E+00  0.242266E-04  0.713393E-03  0.127501E-03  0.890749E-03 -0.238843E+00  0.111723E-05
  0.440000E+00  0.281757E-04  0.720267E-03  0.135763E-03  0.903822E-03 -0.289503E+00  0.113032E-05
  0.470000E+00  0.323678E-04  0.728462E-03  0.143704E-03  0.916898E-03 -0.339846E+00  0.114314E-05
  0.500000E+00  0.367933E-04  0.737953E-03  0.151321E-03  0.929787E-03 -0.389750E+00  0.115560E-05
  0.520000E+00  0.398119E-04  0.743873E-03  0.150459E-03  0.901984E-03 -0.293689E+00  0.116369E-05
  0.540000E+00  0.428071E-04  0.748110E-03  0.148986E-03  0.882815E-03 -0.195634E+00  0.117161E-05
  0.560000E+00  0.457668E-04  0.750647E-03  0.146918E-03  0.873282E-03 -0.967696E-01  0.117943E-05
  0.580000E+00  0.486794E-04  0.751472E-03  0.144271E-03  0.873968E-03  0.171012E-02  0.118717E-05
  0.600000E+00  0.515335E-04  0.750588E-03  0.141059E-03  0.884952E-03  0.986053E-01  0.119488E-05
  0.630000E+00  0.558592E-04  0.748608E-03  0.147314E-03  0.892717E-03  0.504160E-01  0.120648E-05
  0.660000E+00  0.603696E-04  0.747901E-03  0.153373E-03  0.901027E-03  0.227634E-02  0.121811E-05
  0.690000E+00  0.650596E-04  0.748493E-03  0.159285E-03  0.909829E-03 -0.458219E-01  0.122969E-05
  0.720000E+00  0.699258E-04  0.750404E-03  0.165119E-03  0.919051E-03 -0.938794E-01  0.124118E-05
  0.750000E+00  0.749668E-04  0.753649E-03  0.170939E-03  0.928610E-03 -0.141885E+00  0.125250E-05
  0.770000E+00  0.784246E-04  0.756555E-03  0.174847E-03  0.935139E-03 -0.173864E+00  0.125995E-05
  0.790000E+00  0.819611E-04  0.760055E-03  0.178801E-03  0.941769E-03 -0.205827E+00  0.126731E-05
  0.810000E+00  0.855773E-04  0.764148E-03  0.182820E-03  0.948481E-03 -0.237772E+00  0.127458E-05
  0.830000E+00  0.892747E-04  0.768829E-03  0.186921E-03  0.955249E-03 -0.269694E+00  0.128175E-05
  0.850000E+00  0.930551E-04  0.774094E-03  0.191117E-03  0.962046E-03 -0.301589E+00  0.128881E-05
  0.880000E+00  0.988863E-04  0.783072E-03  0.197616E-03  0.972262E-03 -0.349375E+00  0.129921E-05
  0.910000E+00  0.104916E-03  0.793322E-03  0.204368E-03  0.982430E-03 -0.397070E+00  0.130938E-05
  0.940000E+00  0.111152E-03  0.804811E-03  0.211364E-03  0.992471E-03 -0.444674E+00  0.131928E-05
  0.970000E+00  0.117602E-03  0.817501E-03  0.218574E-03  0.100231E-02 -0.492155E+00  0.132890E-05
  0.100000E+01  0.124270E-03  0.831349E-03  0.225945E-03  0.101187E-02 -0.539475E+00  0.133826E-05
  0.102000E+01  0.128649E-03  0.839950E-03  0.211925E-03  0.963288E-03 -0.428496E+00  0.134434E-05
  0.104000E+01  0.132742E-03  0.846513E-03  0.197262E-03  0.924816E-03 -0.313573E+00  0.135029E-05
  0.106000E+01  0.136536E-03  0.851010E-03  0.181998E-03  0.898372E-03 -0.196108E+00  0.135613E-05
  0.108000E+01  0.140018E-03  0.853424E-03  0.166181E-03  0.885457E-03 -0.775407E-01  0.136187E-05
  0.110000E+01  0.143180E-03  0.853747E-03  0.149866E-03  0.886868E-03  0.406914E-01  0.136752E-05
  0.113000E+01  0.147788E-03  0.853203E-03  0.157322E-03  0.892119E-03  0.136494E-03  0.137588E-05
  0.116000E+01  0.152621E-03  0.853748E-03  0.164862E-03  0.897610E-03 -0.406817E-01  0.138408E-05
  0.119000E+01  0.157680E-03  0.855398E-03  0.172454E-03  0.903323E-03 -0.817018E-01  0.139210E-05
  0.122000E+01  0.162968E-03  0.858164E-03  0.180059E-03  0.909223E-03 -0.122856E+00  0.139988E-05
  0.125000E+01  0.168484E-03  0.862050E-03  0.187633E-03  0.915273E-03 -0.164060E+00  0.140741E-05
  0.127000E+01  0.172286E-03  0.865261E-03  0.192645E-03  0.919365E-03 -0.191521E+00  0.141227E-05
  0.129000E+01  0.176189E-03  0.868965E-03  0.197613E-03  0.923487E-03 -0.218955E+00  0.141700E-05
  0.131000E+01  0.180190E-03  0.873160E-03  0.202528E-03  0.927625E-03 -0.246342E+00  0.142160E-05
  0.133000E+01  0.184289E-03  0.877838E-03  0.207377E-03  0.931763E-03 -0.273660E+00  0.142607E-05
  0.135000E+01  0.188485E-03  0.882994E-03  0.212153E-03  0.935886E-03 -0.300894E+00  0.143042E-05
  0.138000E+01  0.194955E-03  0.891608E-03  0.219158E-03  0.941999E-03 -0.341555E+00  0.143671E-05
  0.141000E+01  0.201631E-03  0.901250E-03  0.225939E-03  0.947976E-03 -0.381940E+00  0.144271E-05
  0.144000E+01  0.208507E-03  0.911888E-03  0.232472E-03  0.953764E-03 -0.422013E+00  0.144843E-05
  0.147000E+01  0.215576E-03  0.923484E-03  0.238738E-03  0.959328E-03 -0.461745E+00  0.145389E-05
  0.150000E+01  0.222828E-03  0.936001E-03  0.244729E-03  0.964632E-03 -0.501121E+00  0.145912E-05
  0.152000E+01  0.227424E-03  0.943430E-03  0.214773E-03  0.912032E-03 -0.362004E+00  0.146246E-05
  0.154000E+01  0.231413E-03  0.948409E-03  0.184040E-03  0.875218E-03 -0.219148E+00  0.146565E-05
  0.156000E+01  0.234781E-03  0.950918E-03  0.152671E-03  0.856811E-03 -0.742998E-01  0.146871E-05
  0.158000E+01  0.237517E-03  0.950947E-03  0.120805E-03  0.858286E-03  0.707767E-01  0.147166E-05
  0.160000E+01  0.239611E-03  0.948497E-03  0.885840E-04  0.879538E-03  0.214318E+00  0.147449E-05
  0.163000E+01  0.242351E-03  0.943399E-03  0.940835E-04  0.880893E-03  0.179281E+00  0.147861E-05
  0.166000E+01  0.245259E-03  0.939181E-03  0.998073E-04  0.882316E-03  0.143920E+00  0.148261E-05
  0.169000E+01  0.248343E-03  0.935868E-03  0.105761E-03  0.883845E-03  0.108238E+00  0.148650E-05
  0.172000E+01  0.251608E-03  0.933483E-03  0.111946E-03  0.885529E-03  0.722419E-01  0.149033E-05
  0.175000E+01  0.255063E-03  0.932047E-03  0.118360E-03  0.887421E-03  0.359520E-01  0.149414E-05
  0.177000E+01  0.257474E-03  0.931625E-03  0.122760E-03  0.888818E-03  0.116079E-01  0.149668E-05
  0.179000E+01  0.259974E-03  0.931636E-03  0.127256E-03  0.890333E-03 -0.128467E-01  0.149923E-05
  0.181000E+01  0.262565E-03  0.932083E-03  0.131843E-03  0.891968E-03 -0.373984E-01  0.150177E-05
  0.183000E+01  0.265249E-03  0.932970E-03  0.136515E-03  0.893725E-03 -0.620356E-01  0.150433E-05
  0.185000E+01  0.268027E-03  0.934297E-03  0.141266E-03  0.895607E-03 -0.867483E-01  0.150688E-05
  0.188000E+01  0.272373E-03  0.937116E-03  0.148528E-03  0.898671E-03 -0.123929E+00  0.151074E-05
  0.191000E+01  0.276940E-03  0.940928E-03  0.155927E-03  0.902012E-03 -0.161200E+00  0.151461E-05
  0.194000E+01  0.281731E-03  0.945726E-03  0.163431E-03  0.905608E-03 -0.198510E+00  0.151851E-05
  0.197000E+01  0.286747E-03  0.951503E-03  0.171002E-03  0.909425E-03 -0.235809E+00  0.152241E-05
  0.200000E+01  0.291991E-03  0.958244E-03  0.178597E-03  0.913417E-03 -0.273043E+00  0.152628E-05
  0.202000E+01  0.295174E-03  0.961825E-03  0.139584E-03  0.887152E-03 -0.133575E+00  0.152883E-05
  0.204000E+01  0.297571E-03  0.962939E-03  0.100132E-03  0.879772E-03  0.699641E-02  0.153131E-05
  0.206000E+01  0.299177E-03  0.961580E-03  0.604046E-04  0.891864E-03  0.146937E+00  0.153373E-05
  0.208000E+01  0.299987E-03  0.957757E-03  0.205645E-04  0.922494E-03  0.284528E+00  0.153610E-05
  0.210000E+01  0.300000E-03  0.951491E-03 -0.192284E-04  0.969494E-03  0.418086E+00  0.153841E-05
  0.213000E+01  0.299546E-03  0.940779E-03 -0.110798E-04  0.968287E-03  0.374968E+00  0.154180E-05
  0.216000E+01  0.299342E-03  0.931114E-03 -0.251928E-05  0.967106E-03  0.331375E+00  0.154510E-05
  0.219000E+01  0.299400E-03  0.922546E-03  0.640650E-05  0.966044E-03  0.287388E+00  0.154831E-05
  0.222000E+01  0.299730E-03  0.915121E-03  0.156435E-04  0.965205E-03  0.243091E+00  0.155144E-05
  0.225000E+01  0.300342E-03  0.908881E-03  0.251217E-04  0.964684E-03  0.198569E+00  0.155453E-05
  0.227000E+01  0.300908E-03  0.905396E-03  0.315390E-04  0.964558E-03  0.168803E+00  0.155658E-05
  0.229000E+01  0.301604E-03  0.902462E-03  0.380108E-04  0.964634E-03  0.138999E+00  0.155862E-05
  0.231000E+01  0.302429E-03  0.900086E-03  0.445142E-04  0.964928E-03  0.109186E+00  0.156067E-05
  0.233000E+01  0.303385E-03  0.898275E-03  0.510306E-04  0.965447E-03  0.793839E-01  0.156271E-05
  0.235000E+01  0.304470E-03  0.897032E-03  0.575421E-04  0.966192E-03  0.496118E-01  0.156474E-05
  0.238000E+01  0.306342E-03  0.896240E-03  0.672700E-04  0.967729E-03  0.504789E-02  0.156775E-05
  0.241000E+01  0.308505E-03  0.896738E-03  0.768990E-04  0.969747E-03 -0.393453E-01  0.157070E-05
  0.244000E+01  0.310954E-03  0.898523E-03  0.863845E-04  0.972213E-03 -0.835037E-01  0.157357E-05
  0.247000E+01  0.313685E-03  0.901585E-03  0.956825E-04  0.975066E-03 -0.127379E+00  0.157634E-05
  0.250000E+01  0.316692E-03  0.905907E-03  0.104762E-03  0.978231E-03 -0.170950E+00  0.157897E-05
  0.252000E+01  0.318370E-03  0.908116E-03  0.630231E-04  0.964540E-03 -0.582183E-01  0.158063E-05
  0.254000E+01  0.319210E-03  0.908146E-03  0.209825E-04  0.965300E-03  0.550630E-01  0.158221E-05
  0.256000E+01  0.319208E-03  0.905995E-03 -0.211916E-04  0.980515E-03  0.167498E+00  0.158371E-05
  0.258000E+01  0.318363E-03  0.901673E-03 -0.633302E-04  0.100936E-02  0.277704E+00  0.158514E-05
  0.260000E+01  0.316676E-03  0.895201E-03 -0.105264E-03  0.105035E-02  0.384322E+00  0.158651E-05
  0.263000E+01  0.313649E-03  0.884549E-03 -0.965572E-04  0.104783E-02  0.335321E+00  0.158847E-05
  0.266000E+01  0.310886E-03  0.875235E-03 -0.876369E-04  0.104555E-02  0.286112E+00  0.159033E-05
  0.269000E+01  0.308393E-03  0.867312E-03 -0.785247E-04  0.104361E-02  0.236749E+00  0.159212E-05
  0.272000E+01  0.306177E-03  0.860826E-03 -0.692259E-04  0.104209E-02  0.187279E+00  0.159382E-05
  0.275000E+01  0.304242E-03  0.855815E-03 -0.597545E-04  0.104106E-02  0.137762E+00  0.159543E-05
  0.277000E+01  0.303111E-03  0.853310E-03 -0.533525E-04  0.104068E-02  0.104750E+00  0.159647E-05
  0.279000E+01  0.302109E-03  0.851481E-03 -0.468865E-04  0.104058E-02  0.717554E-01  0.159750E-05
  0.281000E+01  0.301236E-03  0.850332E-03 -0.403623E-04  0.104077E-02  0.387924E-01  0.159853E-05
  0.283000E+01  0.300495E-03  0.849868E-03 -0.337855E-04  0.104124E-02  0.587324E-02  0.159956E-05
  0.285000E+01  0.299885E-03  0.850087E-03 -0.271626E-04  0.104201E-02 -0.269863E-01  0.160059E-05
  0.288000E+01  0.299221E-03  0.851698E-03 -0.171621E-04  0.104370E-02 -0.761392E-01  0.160218E-05
  0.291000E+01  0.298856E-03  0.854835E-03 -0.711838E-05  0.104601E-02 -0.125102E+00  0.160381E-05
  0.294000E+01  0.298794E-03  0.859479E-03  0.292969E-05  0.104891E-02 -0.173847E+00  0.160551E-05
  0.297000E+01  0.299032E-03  0.865602E-03  0.129377E-04  0.105233E-02 -0.222350E+00  0.160730E-05
  0.300000E+01  0.299568E-03  0.873168E-03  0.228472E-04  0.105619E-02 -0.270570E+00  0.160917E-05
  0.302000E+01  0.299641E-03  0.877682E-03 -0.155996E-04  0.103012E-02 -0.172726E+00  0.161044E-05
  0.304000E+01  0.298944E-03  0.880174E-03 -0.540795E-04  0.101571E-02 -0.728783E-01  0.161174E-05
  0.306000E+01  0.297478E-03  0.880632E-03 -0.924349E-04  0.101371E-02  0.277113E-01  0.161305E-05
  0.308000E+01  0.295248E-03  0.879052E-03 -0.130507E-03  0.102424E-02  0.127776E+00  0.161438E-05
  0.310000E+01  0.292261E-03  0.875444E-03 -0.168136E-03  0.104678E-02  0.226056E+00  0.161572E-05
  0.313000E+01  0.287366E-03  0.869225E-03 -0.158232E-03  0.104586E-02  0.178427E+00  0.161773E-05
  0.316000E+01  0.282772E-03  0.864438E-03 -0.148031E-03  0.104535E-02  0.130511E+00  0.161970E-05
  0.319000E+01  0.278487E-03  0.861120E-03 -0.137587E-03  0.104532E-02  0.823788E-01  0.162162E-05
  0.322000E+01  0.274519E-03  0.859297E-03 -0.126961E-03  0.104581E-02  0.340892E-01  0.162348E-05
  0.325000E+01  0.270871E-03  0.858987E-03 -0.116223E-03  0.104685E-02 -0.142893E-01  0.162530E-05
  0.327000E+01  0.268618E-03  0.859624E-03 -0.109037E-03  0.104787E-02 -0.465520E-01  0.162648E-05
  0.329000E+01  0.266510E-03  0.860936E-03 -0.101850E-03  0.104913E-02 -0.788028E-01  0.162765E-05
  0.331000E+01  0.264544E-03  0.862919E-03 -0.946846E-04  0.105063E-02 -0.111024E+00  0.162879E-05
  0.333000E+01  0.262722E-03  0.865571E-03 -0.875648E-04  0.105236E-02 -0.143195E+00  0.162991E-05
  0.335000E+01  0.261041E-03  0.868883E-03 -0.805066E-04  0.105430E-02 -0.175297E+00  0.163102E-05
  0.338000E+01  0.258782E-03  0.875072E-03 -0.700743E-04  0.105756E-02 -0.223273E+00  0.163263E-05
  0.341000E+01  0.256833E-03  0.882695E-03 -0.598831E-04  0.106115E-02 -0.270989E+00  0.163419E-05
  0.344000E+01  0.255185E-03  0.891707E-03 -0.499792E-04  0.106500E-02 -0.318398E+00  0.163572E-05
  0.347000E+01  0.253829E-03  0.902061E-03 -0.404048E-04  0.106903E-02 -0.365463E+00  0.163722E-05
  0.350000E+01  0.252755E-03  0.913703E-03 -0.311974E-04  0.107314E-02 -0.412142E+00  0.163870E-05
  0.352000E+01  0.251812E-03  0.920776E-03 -0.631556E-04  0.102929E-02 -0.302697E+00  0.163968E-05
  0.354000E+01  0.250228E-03  0.925619E-03 -0.951115E-04  0.998035E-03 -0.189593E+00  0.164064E-05
  0.356000E+01  0.248008E-03  0.928206E-03 -0.126914E-03  0.981101E-03 -0.742424E-01  0.164160E-05
  0.358000E+01  0.245154E-03  0.928522E-03 -0.158417E-03  0.979510E-03  0.419182E-01  0.164257E-05
  0.360000E+01  0.241674E-03  0.926566E-03 -0.189477E-03  0.993390E-03  0.157442E+00  0.164355E-05
  0.363000E+01  0.236114E-03  0.922516E-03 -0.181204E-03  0.993249E-03  0.116990E+00  0.164507E-05
  0.366000E+01  0.230803E-03  0.919648E-03 -0.172794E-03  0.993432E-03  0.764081E-01  0.164665E-05
  0.369000E+01  0.225747E-03  0.917980E-03 -0.164287E-03  0.993960E-03  0.357452E-01  0.164827E-05
  0.372000E+01  0.220947E-03  0.917520E-03 -0.155736E-03  0.994839E-03 -0.493740E-02  0.164994E-05
  0.375000E+01  0.216403E-03  0.918274E-03 -0.147177E-03  0.996066E-03 -0.456061E-01  0.165163E-05
  0.377000E+01  0.213516E-03  0.919451E-03 -0.141486E-03  0.997070E-03 -0.726890E-01  0.165278E-05
  0.379000E+01  0.210743E-03  0.921165E-03 -0.135822E-03  0.998215E-03 -0.997316E-01  0.165393E-05
  0.381000E+01  0.208083E-03  0.923412E-03 -0.130195E-03  0.999487E-03 -0.126722E+00  0.165508E-05
  0.383000E+01  0.205535E-03  0.926189E-03 -0.124614E-03  0.100087E-02 -0.153649E+00  0.165621E-05
  0.385000E+01  0.203098E-03  0.929490E-03 -0.119092E-03  0.100236E-02 -0.180502E+00  0.165733E-05
  0.388000E+01  0.199647E-03  0.935409E-03 -0.110933E-03  0.100475E-02 -0.220631E+00  0.165898E-05
  0.391000E+01  0.196439E-03  0.942467E-03 -0.102942E-03  0.100729E-02 -0.260561E+00  0.166058E-05
  0.394000E+01  0.193468E-03  0.950635E-03 -0.951455E-04  0.100993E-02 -0.300275E+00  0.166213E-05
  0.397000E+01  0.190727E-03  0.959880E-03 -0.875710E-04  0.101263E-02 -0.339756E+00  0.166360E-05
  0.400000E+01  0.188210E-03  0.970166E-03 -0.802452E-04  0.101533E-02 -0.378992E+00  0.166500E-05
  0.402000E+01  0.186371E-03  0.976124E-03 -0.103627E-03  0.973156E-03 -0.249783E+00  0.166590E-05
  0.404000E+01  0.184065E-03  0.979591E-03 -0.126825E-03  0.947785E-03 -0.117629E+00  0.166677E-05
  0.406000E+01  0.181299E-03  0.980549E-03 -0.149724E-03  0.940962E-03  0.158479E-01  0.166760E-05
  0.408000E+01  0.178079E-03  0.978995E-03 -0.172211E-03  0.953199E-03  0.149013E+00  0.166840E-05
  0.410000E+01  0.174414E-03  0.974934E-03 -0.194176E-03  0.983642E-03  0.280241E+00  0.166917E-05
  0.413000E+01  0.168692E-03  0.967468E-03 -0.187331E-03  0.982925E-03  0.243127E+00  0.167028E-05
  0.416000E+01  0.163177E-03  0.961011E-03 -0.180304E-03  0.982318E-03  0.205862E+00  0.167137E-05
  0.419000E+01  0.157875E-03  0.955592E-03 -0.173129E-03  0.981852E-03  0.168487E+00  0.167242E-05
  0.422000E+01  0.152790E-03  0.951230E-03 -0.165838E-03  0.981558E-03  0.131035E+00  0.167344E-05
  0.425000E+01  0.147926E-03  0.947945E-03 -0.158464E-03  0.981465E-03  0.935393E-01  0.167444E-05
  0.427000E+01  0.144806E-03  0.946360E-03 -0.153519E-03  0.981527E-03  0.685350E-01  0.167512E-05
  0.429000E+01  0.141785E-03  0.945261E-03 -0.148560E-03  0.981687E-03  0.435324E-01  0.167579E-05
  0.431000E+01  0.138864E-03  0.944652E-03 -0.143595E-03  0.981952E-03  0.185410E-01  0.167645E-05
  0.433000E+01  0.136041E-03  0.944533E-03 -0.138632E-03  0.982316E-03 -0.643289E-02  0.167712E-05
  0.435000E+01  0.133318E-03  0.944905E-03 -0.133680E-03  0.982776E-03 -0.313814E-01  0.167777E-05
  0.438000E+01  0.129419E-03  0.946379E-03 -0.126284E-03  0.983638E-03 -0.687432E-01  0.167873E-05
  0.441000E+01  0.125740E-03  0.948948E-03 -0.118952E-03  0.984693E-03 -0.106006E+00  0.167966E-05
  0.444000E+01  0.122280E-03  0.952601E-03 -0.111713E-03  0.985919E-03 -0.143144E+00  0.168055E-05
  0.447000E+01  0.119035E-03  0.957323E-03 -0.104587E-03  0.987286E-03 -0.180140E+00  0.168140E-05
  0.450000E+01  0.116002E-03  0.963095E-03 -0.975959E-04  0.988762E-03 -0.216983E+00  0.168219E-05
  0.452000E+01  0.113923E-03  0.966069E-03 -0.110283E-03  0.967559E-03 -0.909302E-01  0.168268E-05
  0.454000E+01  0.111593E-03  0.966596E-03 -0.122714E-03  0.963950E-03  0.362017E-01  0.168314E-05
  0.456000E+01  0.109017E-03  0.964674E-03 -0.134815E-03  0.978204E-03  0.162868E+00  0.168356E-05
  0.458000E+01  0.106203E-03  0.960311E-03 -0.146512E-03  0.100941E-02  0.287526E+00  0.168397E-05
  0.460000E+01  0.103159E-03  0.953526E-03 -0.157734E-03  0.105568E-02  0.408661E+00  0.168436E-05
  0.463000E+01  0.985306E-04  0.942080E-03 -0.150840E-03  0.105410E-02  0.367362E+00  0.168493E-05
  0.466000E+01  0.941121E-04  0.931732E-03 -0.143708E-03  0.105260E-02  0.325946E+00  0.168551E-05
  0.469000E+01  0.899108E-04  0.922522E-03 -0.136369E-03  0.105123E-02  0.284439E+00  0.168611E-05
  0.472000E+01  0.859321E-04  0.914488E-03 -0.128864E-03  0.105004E-02  0.242876E+00  0.168671E-05
  0.475000E+01  0.821806E-04  0.907663E-03 -0.121228E-03  0.104906E-02  0.201291E+00  0.168735E-05
  0.477000E+01  0.798075E-04  0.903799E-03 -0.116080E-03  0.104855E-02  0.173572E+00  0.168779E-05
  0.479000E+01  0.775378E-04  0.900493E-03 -0.110894E-03  0.104816E-02  0.145862E+00  0.168827E-05
  0.481000E+01  0.753721E-04  0.897750E-03 -0.105678E-03  0.104790E-02  0.118166E+00  0.168876E-05
  0.483000E+01  0.733109E-04  0.895575E-03 -0.100441E-03  0.104777E-02  0.904944E-01  0.168928E-05
  0.485000E+01  0.713545E-04  0.893974E-03 -0.951945E-04  0.104777E-02  0.628517E-01  0.168982E-05
  0.488000E+01  0.686166E-04  0.892650E-03 -0.873280E-04  0.104804E-02  0.214515E-01  0.169068E-05
  0.491000E+01  0.661140E-04  0.892625E-03 -0.795020E-04  0.104859E-02 -0.198569E-01  0.169159E-05
  0.494000E+01  0.638453E-04  0.893897E-03 -0.717421E-04  0.104943E-02 -0.610614E-01  0.169254E-05
  0.497000E+01  0.618079E-04  0.896458E-03 -0.640753E-04  0.105053E-02 -0.102158E+00  0.169352E-05
  0.500000E+01  0.599989E-04  0.900297E-03 -0.565249E-04  0.105186E-02 -0.143144E+00  0.169450E-05
  0.502000E+01  0.588283E-04  0.902204E-03 -0.605010E-04  0.104028E-02 -0.400879E-01  0.169516E-05
  0.504000E+01  0.575792E-04  0.901961E-03 -0.643767E-04  0.104222E-02  0.634111E-01  0.169583E-05
  0.506000E+01  0.562541E-04  0.899568E-03 -0.681070E-04  0.105761E-02  0.166087E+00  0.169650E-05
  0.508000E+01  0.548562E-04  0.895036E-03 -0.716455E-04  0.108569E-02  0.266684E+00  0.169719E-05
  0.510000E+01  0.533899E-04  0.888387E-03 -0.749480E-04  0.112518E-02  0.363974E+00  0.169791E-05
  0.513000E+01  0.512519E-04  0.877506E-03 -0.675795E-04  0.112391E-02  0.317717E+00  0.169903E-05
  0.516000E+01  0.493381E-04  0.867987E-03 -0.600043E-04  0.112283E-02  0.271349E+00  0.170021E-05
  0.519000E+01  0.476544E-04  0.859881E-03 -0.522415E-04  0.112199E-02  0.224885E+00  0.170145E-05
  0.522000E+01  0.462061E-04  0.853233E-03 -0.443085E-04  0.112146E-02  0.178333E+00  0.170277E-05
  0.525000E+01  0.449980E-04  0.848081E-03 -0.362320E-04  0.112126E-02  0.131700E+00  0.170417E-05
  0.527000E+01  0.443278E-04  0.845495E-03 -0.307835E-04  0.112133E-02  0.100576E+00  0.170516E-05
  0.529000E+01  0.437670E-04  0.843595E-03 -0.252923E-04  0.112159E-02  0.694287E-01  0.170620E-05
  0.531000E+01  0.433165E-04  0.842389E-03 -0.197632E-04  0.112205E-02  0.382631E-01  0.170731E-05
  0.533000E+01  0.429768E-04  0.841880E-03 -0.142032E-04  0.112272E-02  0.708714E-02  0.170851E-05
  0.535000E+01  0.427486E-04  0.842071E-03 -0.861971E-05  0.112361E-02 -0.240913E-01  0.170979E-05
  0.538000E+01  0.426160E-04  0.843671E-03 -0.226183E-06  0.112533E-02 -0.708439E-01  0.171186E-05
  0.541000E+01  0.427349E-04  0.846839E-03  0.815320E-05  0.112748E-02 -0.117552E+00  0.171409E-05
  0.544000E+01  0.431048E-04  0.851562E-03  0.164976E-04  0.113003E-02 -0.164190E+00  0.171646E-05
  0.547000E+01  0.437241E-04  0.857815E-03  0.247833E-04  0.113294E-02 -0.210736E+00  0.171897E-05
  0.550000E+01  0.445908E-04  0.865567E-03  0.329847E-04  0.113613E-02 -0.257166E+00  0.172159E-05
  0.552000E+01  0.452370E-04  0.870247E-03  0.316276E-04  0.111105E-02 -0.168781E+00  0.172337E-05
  0.554000E+01  0.458544E-04  0.872956E-03  0.300982E-04  0.109669E-02 -0.785486E-01  0.172521E-05
  0.556000E+01  0.464398E-04  0.873679E-03  0.284246E-04  0.109370E-02  0.124199E-01  0.172711E-05
  0.558000E+01  0.469906E-04  0.872413E-03  0.266355E-04  0.110224E-02  0.103008E+00  0.172906E-05
  0.560000E+01  0.475047E-04  0.869166E-03  0.247641E-04  0.112196E-02  0.192095E+00  0.173107E-05
  0.563000E+01  0.483664E-04  0.863547E-03  0.326712E-04  0.112283E-02  0.146502E+00  0.173418E-05
  0.566000E+01  0.494669E-04  0.859412E-03  0.406879E-04  0.112407E-02  0.100836E+00  0.173741E-05
  0.569000E+01  0.508092E-04  0.856790E-03  0.487870E-04  0.112571E-02  0.551358E-01  0.174078E-05
  0.572000E+01  0.523952E-04  0.855700E-03  0.569372E-04  0.112776E-02  0.943426E-02  0.174430E-05
  0.575000E+01  0.542261E-04  0.856154E-03  0.651033E-04  0.113021E-02 -0.362348E-01  0.174796E-05
  0.577000E+01  0.555825E-04  0.857316E-03  0.705426E-04  0.113205E-02 -0.666481E-01  0.175045E-05
  0.579000E+01  0.570476E-04  0.859165E-03  0.759650E-04  0.113406E-02 -0.970229E-01  0.175299E-05
  0.581000E+01  0.586208E-04  0.861695E-03  0.813557E-04  0.113619E-02 -0.127346E+00  0.175556E-05
  0.583000E+01  0.603014E-04  0.864903E-03  0.867035E-04  0.113844E-02 -0.157607E+00  0.175814E-05
  0.585000E+01  0.620885E-04  0.868782E-03  0.920027E-04  0.114080E-02 -0.187795E+00  0.176075E-05
  0.588000E+01  0.649664E-04  0.875837E-03  0.998428E-04  0.114449E-02 -0.232926E+00  0.176468E-05
  0.591000E+01  0.680772E-04  0.884345E-03  0.107525E-03  0.114828E-02 -0.277853E+00  0.176859E-05
  0.594000E+01  0.714158E-04  0.894265E-03  0.115024E-03  0.115212E-02 -0.322557E+00  0.177246E-05
  0.597000E+01  0.749761E-04  0.905548E-03  0.122307E-03  0.115595E-02 -0.367016E+00  0.177630E-05
  0.600000E+01  0.787510E-04  0.918142E-03  0.129335E-03  0.115971E-02 -0.411204E+00  0.178008E-05
  0.602000E+01  0.812634E-04  0.925858E-03  0.121841E-03  0.111513E-02 -0.310010E+00  0.178257E-05
  0.604000E+01  0.836208E-04  0.931339E-03  0.113836E-03  0.108244E-02 -0.205344E+00  0.178503E-05
  0.606000E+01  0.858134E-04  0.934559E-03  0.105373E-03  0.106322E-02 -0.984920E-01  0.178746E-05
  0.608000E+01  0.878327E-04  0.935504E-03  0.965066E-04  0.105850E-02  0.923274E-02  0.178987E-05
  0.610000E+01  0.896711E-04  0.934169E-03  0.872906E-04  0.106857E-02  0.116510E+00  0.179227E-05
  0.613000E+01  0.923819E-04  0.931058E-03  0.934116E-04  0.107034E-02  0.783615E-01  0.179586E-05
  0.616000E+01  0.952761E-04  0.929157E-03  0.995199E-04  0.107224E-02  0.401562E-01  0.179943E-05
  0.619000E+01  0.983529E-04  0.928481E-03  0.105583E-03  0.107426E-02  0.191623E-02  0.180296E-05
  0.622000E+01  0.101611E-03  0.929036E-03  0.111592E-03  0.107641E-02 -0.363451E-01  0.180646E-05
  0.625000E+01  0.105048E-03  0.930826E-03  0.117532E-03  0.107868E-02 -0.746156E-01  0.180992E-05
  0.627000E+01  0.107438E-03  0.932705E-03  0.121442E-03  0.108024E-02 -0.100121E+00  0.181219E-05
  0.629000E+01  0.109905E-03  0.935130E-03  0.125308E-03  0.108185E-02 -0.125612E+00  0.181445E-05
  0.631000E+01  0.112449E-03  0.938097E-03  0.129127E-03  0.108349E-02 -0.151076E+00  0.181667E-05
  0.633000E+01  0.115070E-03  0.941602E-03  0.132893E-03  0.108516E-02 -0.176502E+00  0.181888E-05
  0.635000E+01  0.117765E-03  0.945639E-03  0.136598E-03  0.108684E-02 -0.201881E+00  0.182105E-05
  0.638000E+01  0.121944E-03  0.952678E-03  0.142028E-03  0.108939E-02 -0.239845E+00  0.182427E-05
  0.641000E+01  0.126284E-03  0.960873E-03  0.147291E-03  0.109192E-02 -0.277662E+00  0.182740E-05
  0.644000E+01  0.130780E-03  0.970194E-03  0.152372E-03  0.109439E-02 -0.315312E+00  0.183044E-05
  0.647000E+01  0.135424E-03  0.980606E-03  0.157248E-03  0.109679E-02 -0.352780E+00  0.183338E-05
  0.650000E+01  0.140212E-03  0.992073E-03  0.161901E-03  0.109907E-02 -0.390064E+00  0.183619E-05
  0.652000E+01  0.143268E-03  0.998793E-03  0.143590E-03  0.105382E-02 -0.267528E+00  0.183796E-05
  0.654000E+01  0.145951E-03  0.100296E-02  0.124733E-03  0.102490E-02 -0.141997E+00  0.183965E-05
  0.656000E+01  0.148253E-03  0.100455E-02  0.105417E-03  0.101412E-02 -0.149924E-01  0.184127E-05
  0.658000E+01  0.150165E-03  0.100357E-02  0.857322E-04  0.102220E-02  0.111948E+00  0.184282E-05
  0.660000E+01  0.151681E-03  0.100001E-02  0.657666E-04  0.104863E-02  0.237289E+00  0.184431E-05
  0.663000E+01  0.153715E-03  0.993245E-03  0.698406E-04  0.104938E-02  0.202736E+00  0.184649E-05
  0.666000E+01  0.155873E-03  0.987505E-03  0.740197E-04  0.105016E-02  0.168042E+00  0.184863E-05
  0.669000E+01  0.158158E-03  0.982810E-03  0.782959E-04  0.105096E-02  0.133221E+00  0.185071E-05
  0.672000E+01  0.160572E-03  0.979183E-03  0.826518E-04  0.105180E-02  0.982923E-01  0.185273E-05
  0.675000E+01  0.163118E-03  0.976641E-03  0.870678E-04  0.105268E-02  0.632821E-01  0.185467E-05
  0.677000E+01  0.164889E-03  0.975556E-03  0.900355E-04  0.105329E-02  0.399053E-01  0.185593E-05
  0.679000E+01  0.166719E-03  0.974962E-03  0.930182E-04  0.105394E-02  0.165055E-01  0.185715E-05
  0.681000E+01  0.168610E-03  0.974861E-03  0.960093E-04  0.105460E-02 -0.690964E-02  0.185834E-05
  0.683000E+01  0.170560E-03  0.975254E-03  0.990029E-04  0.105529E-02 -0.303329E-01  0.185949E-05
  0.685000E+01  0.172570E-03  0.976141E-03  0.101993E-03  0.105600E-02 -0.537563E-01  0.186060E-05
  0.688000E+01  0.175697E-03  0.978395E-03  0.106458E-03  0.105709E-02 -0.888771E-01  0.186218E-05
  0.691000E+01  0.178957E-03  0.981751E-03  0.110884E-03  0.105821E-02 -0.123962E+00  0.186366E-05
  0.694000E+01  0.182349E-03  0.986200E-03  0.115258E-03  0.105935E-02 -0.158993E+00  0.186504E-05
  0.697000E+01  0.185871E-03  0.991724E-03  0.119558E-03  0.106050E-02 -0.193958E+00  0.186633E-05
  0.700000E+01  0.189521E-03  0.998307E-03  0.123770E-03  0.106166E-02 -0.228850E+00  0.186754E-05
  0.702000E+01  0.191739E-03  0.100177E-02  0.979041E-04  0.103755E-02 -0.106295E+00  0.186828E-05
  0.704000E+01  0.193435E-03  0.100269E-02  0.716875E-04  0.103133E-02  0.174512E-01  0.186896E-05
  0.706000E+01  0.194605E-03  0.100105E-02  0.452304E-04  0.104340E-02  0.140884E+00  0.186959E-05
  0.708000E+01  0.195243E-03  0.996873E-03  0.186436E-04  0.107302E-02  0.262506E+00  0.187016E-05
  0.710000E+01  0.195350E-03  0.990165E-03 -0.796175E-05  0.111840E-02  0.380840E+00  0.187068E-05
  0.713000E+01  0.195174E-03  0.978767E-03 -0.375323E-05  0.111786E-02  0.341873E+00  0.187140E-05
  0.716000E+01  0.195128E-03  0.968484E-03  0.676382E-06  0.111727E-02  0.302683E+00  0.187206E-05
  0.719000E+01  0.195217E-03  0.959360E-03  0.530224E-05  0.111667E-02  0.263291E+00  0.187264E-05
  0.722000E+01  0.195448E-03  0.951438E-03  0.101011E-04  0.111609E-02  0.223721E+00  0.187318E-05
  0.725000E+01  0.195825E-03  0.944752E-03  0.150494E-04  0.111558E-02  0.183995E+00  0.187367E-05
  0.727000E+01  0.196160E-03  0.940998E-03  0.184121E-04  0.111530E-02  0.157442E+00  0.187399E-05
  0.729000E+01  0.196562E-03  0.937816E-03  0.218148E-04  0.111508E-02  0.130845E+00  0.187431E-05
  0.731000E+01  0.197033E-03  0.935214E-03  0.252491E-04  0.111492E-02  0.104214E+00  0.187461E-05
  0.733000E+01  0.197572E-03  0.933196E-03  0.287078E-04  0.111482E-02  0.775555E-01  0.187491E-05
  0.735000E+01  0.198181E-03  0.931767E-03  0.321826E-04  0.111480E-02  0.508812E-01  0.187519E-05
  0.738000E+01  0.199225E-03  0.930735E-03  0.374027E-04  0.111490E-02  0.108646E-01  0.187560E-05
  0.741000E+01  0.200425E-03  0.931040E-03  0.426016E-04  0.111517E-02 -0.291202E-01  0.187598E-05
  0.744000E+01  0.201780E-03  0.932680E-03  0.477530E-04  0.111559E-02 -0.690412E-01  0.187633E-05
  0.747000E+01  0.203289E-03  0.935645E-03  0.528330E-04  0.111614E-02 -0.108873E+00  0.187662E-05
  0.750000E+01  0.204948E-03  0.939920E-03  0.578150E-04  0.111680E-02 -0.148594E+00  0.187685E-05
  0.752000E+01  0.205829E-03  0.942077E-03  0.302392E-04  0.110341E-02 -0.466806E-01  0.187695E-05
  0.754000E+01  0.206157E-03  0.941976E-03  0.250679E-05  0.110409E-02  0.558392E-01  0.187703E-05
  0.756000E+01  0.205929E-03  0.939617E-03 -0.252685E-04  0.111883E-02  0.157714E+00  0.187708E-05
  0.758000E+01  0.205146E-03  0.935010E-03 -0.529744E-04  0.114691E-02  0.257700E+00  0.187710E-05
  0.760000E+01  0.203811E-03  0.928178E-03 -0.805010E-04  0.118706E-02  0.354578E+00  0.187712E-05
  0.763000E+01  0.201469E-03  0.916954E-03 -0.756543E-04  0.118575E-02  0.310227E+00  0.187712E-05
  0.766000E+01  0.199274E-03  0.907117E-03 -0.706521E-04  0.118452E-02  0.265753E+00  0.187712E-05
  0.769000E+01  0.197231E-03  0.898717E-03 -0.655196E-04  0.118342E-02  0.221185E+00  0.187712E-05
  0.772000E+01  0.195343E-03  0.891797E-03 -0.602928E-04  0.118248E-02  0.176564E+00  0.187714E-05
  0.775000E+01  0.193613E-03  0.886393E-03 -0.550052E-04  0.118174E-02  0.131922E+00  0.187718E-05
  0.777000E+01  0.192549E-03  0.883646E-03 -0.514649E-04  0.118136E-02  0.102164E+00  0.187720E-05
  0.779000E+01  0.191555E-03  0.881592E-03 -0.479189E-04  0.118109E-02  0.724152E-01  0.187723E-05
  0.781000E+01  0.190632E-03  0.880235E-03 -0.443751E-04  0.118091E-02  0.426838E-01  0.187726E-05
  0.783000E+01  0.189780E-03  0.879578E-03 -0.408413E-04  0.118083E-02  0.129765E-01  0.187727E-05
  0.785000E+01  0.188998E-03  0.879622E-03 -0.373244E-04  0.118084E-02 -0.166998E-01  0.187729E-05
  0.788000E+01  0.187957E-03  0.881000E-03 -0.320897E-04  0.118102E-02 -0.611402E-01  0.187728E-05
  0.791000E+01  0.187071E-03  0.883942E-03 -0.269226E-04  0.118140E-02 -0.105475E+00  0.187724E-05
  0.794000E+01  0.186340E-03  0.888428E-03 -0.218452E-04  0.118193E-02 -0.149686E+00  0.187719E-05
  0.797000E+01  0.185759E-03  0.894430E-03 -0.168716E-04  0.118260E-02 -0.193751E+00  0.187709E-05
  0.800000E+01  0.185325E-03  0.901912E-03 -0.120161E-04  0.118336E-02 -0.237663E+00  0.187695E-05
  0.802000E+01  0.184838E-03  0.906346E-03 -0.366336E-04  0.115808E-02 -0.148072E+00  0.187685E-05
  0.804000E+01  0.183860E-03  0.908691E-03 -0.612118E-04  0.114439E-02 -0.566168E-01  0.187673E-05
  0.806000E+01  0.182391E-03  0.908931E-03 -0.856488E-04  0.114290E-02  0.355807E-01  0.187659E-05
  0.808000E+01  0.180435E-03  0.907066E-03 -0.109844E-03  0.115369E-02  0.127392E+00  0.187645E-05
  0.810000E+01  0.177999E-03  0.903104E-03 -0.133696E-03  0.117628E-02  0.217694E+00  0.187629E-05
  0.813000E+01  0.174058E-03  0.896317E-03 -0.129027E-03  0.117540E-02  0.174605E+00  0.187600E-05
  0.816000E+01  0.170259E-03  0.890987E-03 -0.124194E-03  0.117459E-02  0.131413E+00  0.187561E-05
  0.819000E+01  0.166608E-03  0.887145E-03 -0.119208E-03  0.117386E-02  0.881243E-01  0.187515E-05
  0.822000E+01  0.163108E-03  0.884812E-03 -0.114102E-03  0.117326E-02  0.447674E-01  0.187463E-05
  0.825000E+01  0.159763E-03  0.884002E-03 -0.108912E-03  0.117282E-02  0.137267E-02  0.187408E-05
  0.827000E+01  0.157619E-03  0.884309E-03 -0.105419E-03  0.117262E-02 -0.275688E-01  0.187370E-05
  0.829000E+01  0.155546E-03  0.885294E-03 -0.101906E-03  0.117249E-02 -0.565151E-01  0.187331E-05
  0.831000E+01  0.153543E-03  0.886954E-03 -0.983805E-04  0.117245E-02 -0.854580E-01  0.187292E-05
  0.833000E+01  0.151611E-03  0.889285E-03 -0.948486E-04  0.117249E-02 -0.114392E+00  0.187254E-05
  0.835000E+01  0.149749E-03  0.892282E-03 -0.913194E-04  0.117262E-02 -0.143309E+00  0.187218E-05
  0.838000E+01  0.147089E-03  0.898008E-03 -0.860465E-04  0.117296E-02 -0.186640E+00  0.187169E-05
  0.841000E+01  0.144585E-03  0.905184E-03 -0.808201E-04  0.117349E-02 -0.229903E+00  0.187128E-05
  0.844000E+01  0.142238E-03  0.913772E-03 -0.756580E-04  0.117419E-02 -0.273085E+00  0.187095E-05
  0.847000E+01  0.140044E-03  0.923730E-03 -0.705808E-04  0.117502E-02 -0.316167E+00  0.187071E-05
  0.850000E+01  0.138001E-03  0.935010E-03 -0.656127E-04  0.117596E-02 -0.359132E+00  0.187056E-05
  0.852000E+01  0.136515E-03  0.941833E-03 -0.829905E-04  0.113495E-02 -0.259006E+00  0.187050E-05
  0.854000E+01  0.134682E-03  0.946383E-03 -0.100198E-03  0.110657E-02 -0.155707E+00  0.187047E-05
  0.856000E+01  0.132508E-03  0.948637E-03 -0.117153E-03  0.109218E-02 -0.505025E-01  0.187045E-05
  0.858000E+01  0.129998E-03  0.948584E-03 -0.133773E-03  0.109252E-02  0.553201E-01  0.187045E-05
  0.860000E+01  0.127160E-03  0.946225E-03 -0.149980E-03  0.110756E-02  0.160472E+00  0.187044E-05
  0.863000E+01  0.122732E-03  0.941575E-03 -0.145235E-03  0.110715E-02  0.122304E+00  0.187042E-05
  0.866000E+01  0.118448E-03  0.938168E-03 -0.140328E-03  0.110682E-02  0.840250E-01  0.187040E-05
  0.869000E+01  0.114313E-03  0.936020E-03 -0.135283E-03  0.110661E-02  0.456508E-01  0.187039E-05
  0.872000E+01  0.110332E-03  0.935143E-03 -0.130130E-03  0.110653E-02  0.720087E-02  0.187039E-05
  0.875000E+01  0.106506E-03  0.935543E-03 -0.124901E-03  0.110659E-02 -0.313038E-01  0.187043E-05
  0.877000E+01  0.104043E-03  0.936519E-03 -0.121384E-03  0.110672E-02 -0.569919E-01  0.187049E-05
  0.879000E+01  0.101651E-03  0.938061E-03 -0.117853E-03  0.110693E-02 -0.826862E-01  0.187059E-05
  0.881000E+01  0.993293E-04  0.940167E-03 -0.114317E-03  0.110722E-02 -0.108380E+00  0.187071E-05
  0.883000E+01  0.970782E-04  0.942832E-03 -0.110793E-03  0.110758E-02 -0.134064E+00  0.187087E-05
  0.885000E+01  0.948974E-04  0.946052E-03 -0.107291E-03  0.110800E-02 -0.159730E+00  0.187107E-05
  0.888000E+01  0.917562E-04  0.951908E-03 -0.102106E-03  0.110877E-02 -0.198175E+00  0.187144E-05
  0.891000E+01  0.887690E-04  0.958975E-03 -0.970308E-04  0.110967E-02 -0.236538E+00  0.187191E-05
  0.894000E+01  0.859318E-04  0.967223E-03 -0.920978E-04  0.111069E-02 -0.274806E+00  0.187246E-05
  0.897000E+01  0.832402E-04  0.976621E-03 -0.873311E-04  0.111178E-02 -0.312974E+00  0.187309E-05
  0.900000E+01  0.806888E-04  0.987135E-03 -0.827476E-04  0.111294E-02 -0.351042E+00  0.187377E-05
  0.902000E+01  0.789429E-04  0.993261E-03 -0.917925E-04  0.107197E-02 -0.233509E+00  0.187422E-05
  0.904000E+01  0.770179E-04  0.996877E-03 -0.100660E-03  0.104699E-02 -0.113196E+00  0.187466E-05
  0.906000E+01  0.749179E-04  0.997967E-03 -0.109287E-03  0.103947E-02  0.843600E-02  0.187507E-05
  0.908000E+01  0.726484E-04  0.996527E-03 -0.117610E-03  0.104990E-02  0.129915E+00  0.187546E-05
  0.910000E+01  0.702160E-04  0.992561E-03 -0.125572E-03  0.107763E-02  0.249771E+00  0.187582E-05
  0.913000E+01  0.665123E-04  0.985260E-03 -0.121323E-03  0.107739E-02  0.213947E+00  0.187634E-05
  0.916000E+01  0.629389E-04  0.979044E-03 -0.116896E-03  0.107718E-02  0.178017E+00  0.187682E-05
  0.919000E+01  0.595005E-04  0.973939E-03 -0.112319E-03  0.107702E-02  0.142000E+00  0.187727E-05
  0.922000E+01  0.562012E-04  0.969964E-03 -0.107622E-03  0.107692E-02  0.105913E+00  0.187768E-05
  0.925000E+01  0.530441E-04  0.967136E-03 -0.102836E-03  0.107691E-02  0.697843E-01  0.187809E-05
  0.927000E+01  0.510197E-04  0.965895E-03 -0.996093E-04  0.107696E-02  0.456864E-01  0.187837E-05
  0.929000E+01  0.490600E-04  0.965171E-03 -0.963624E-04  0.107706E-02  0.215830E-01  0.187865E-05
  0.931000E+01  0.471653E-04  0.964966E-03 -0.931053E-04  0.107721E-02 -0.252089E-02  0.187894E-05
  0.933000E+01  0.453357E-04  0.965279E-03 -0.898477E-04  0.107741E-02 -0.266202E-01  0.187924E-05
  0.935000E+01  0.435713E-04  0.966112E-03 -0.865969E-04  0.107766E-02 -0.507107E-01  0.187955E-05
  0.938000E+01  0.410460E-04  0.968329E-03 -0.817501E-04  0.107812E-02 -0.868204E-01  0.188002E-05
  0.941000E+01  0.386651E-04  0.971701E-03 -0.769629E-04  0.107867E-02 -0.122884E+00  0.188049E-05
  0.944000E+01  0.364268E-04  0.976216E-03 -0.722505E-04  0.107931E-02 -0.158900E+00  0.188096E-05
  0.947000E+01  0.343284E-04  0.981856E-03 -0.676342E-04  0.108002E-02 -0.194862E+00  0.188144E-05
  0.950000E+01  0.323668E-04  0.988601E-03 -0.631352E-04  0.108078E-02 -0.230760E+00  0.188190E-05
  0.952000E+01  0.310852E-04  0.992215E-03 -0.649869E-04  0.105609E-02 -0.112705E+00  0.188221E-05
  0.954000E+01  0.297679E-04  0.993328E-03 -0.667153E-04  0.104845E-02  0.669088E-02  0.188250E-05
  0.956000E+01  0.284175E-04  0.991934E-03 -0.682868E-04  0.105836E-02  0.125985E+00  0.188279E-05
  0.958000E+01  0.270376E-04  0.988040E-03 -0.696683E-04  0.108522E-02  0.243735E+00  0.188307E-05
  0.960000E+01  0.256323E-04  0.981663E-03 -0.708289E-04  0.112751E-02  0.358519E+00  0.188335E-05
  0.963000E+01  0.235718E-04  0.970804E-03 -0.665369E-04  0.112697E-02  0.319628E+00  0.188377E-05
  0.966000E+01  0.216423E-04  0.961088E-03 -0.620957E-04  0.112647E-02  0.280667E+00  0.188419E-05
  0.969000E+01  0.198480E-04  0.952551E-03 -0.575255E-04  0.112602E-02  0.241654E+00  0.188458E-05
  0.972000E+01  0.181924E-04  0.945228E-03 -0.528454E-04  0.112563E-02  0.202603E+00  0.188496E-05
  0.975000E+01  0.166786E-04  0.939148E-03 -0.480771E-04  0.112532E-02  0.163535E+00  0.188531E-05
  0.977000E+01  0.157492E-04  0.935799E-03 -0.448615E-04  0.112517E-02  0.137491E+00  0.188555E-05
  0.979000E+01  0.148843E-04  0.933020E-03 -0.416265E-04  0.112507E-02  0.111452E+00  0.188578E-05
  0.981000E+01  0.140842E-04  0.930816E-03 -0.383810E-04  0.112502E-02  0.854216E-01  0.188603E-05
  0.983000E+01  0.133491E-04  0.929191E-03 -0.351331E-04  0.112502E-02  0.594014E-01  0.188627E-05
  0.985000E+01  0.126788E-04  0.928148E-03 -0.318912E-04  0.112508E-02  0.333944E-01  0.188652E-05
  0.988000E+01  0.117947E-04  0.927678E-03 -0.270561E-04  0.112527E-02 -0.557980E-02  0.188691E-05
  0.991000E+01  0.110548E-04  0.928523E-03 -0.222741E-04  0.112559E-02 -0.445008E-01  0.188732E-05
  0.994000E+01  0.104573E-04  0.930677E-03 -0.175618E-04  0.112602E-02 -0.833615E-01  0.188776E-05
  0.997000E+01  0.100000E-04  0.934130E-03 -0.129316E-04  0.112658E-02 -0.122163E+00  0.188823E-05
  0.100000E+02  0.968031E-05  0.938867E-03 -0.838915E-05  0.112722E-02 -0.160902E+00  0.188871E-05
