  0.000000E+00  0.261793E-05  0.716486E-03 -0.179935E-06  0.800351E-03 -0.282490E+00  0.997519E-06
  0.200000E-01  0.262639E-05  0.719893E-03  0.102637E-05  0.776684E-03 -0.160313E+00  0.997944E-06
  0.400000E-01  0.265830E-05  0.721402E-03  0.216297E-05  0.766854E-03 -0.364272E-01  0.999324E-06
  0.600000E-01  0.271273E-05  0.721010E-03  0.327870E-05  0.771453E-03  0.873105E-01  0.100163E-05
  0.800000E-01  0.278975E-05  0.718721E-03  0.442179E-05  0.790170E-03  0.209063E+00  0.100484E-05
  0.100000E+00  0.289042E-05  0.714547E-03  0.564217E-05  0.821869E-03  0.327036E+00  0.100896E-05
  0.130000E+00  0.310081E-05  0.707202E-03  0.838304E-05  0.829174E-03  0.294091E+00  0.101691E-05
  0.160000E+00  0.339876E-05  0.700522E-03  0.114794E-04  0.838027E-03  0.260342E+00  0.102694E-05
  0.190000E+00  0.379494E-05  0.694548E-03  0.149315E-04  0.848353E-03  0.225751E+00  0.103894E-05
  0.220000E+00  0.429988E-05  0.689330E-03  0.187295E-04  0.860037E-03  0.190295E+00  0.105275E-05
  0.250000E+00  0.492364E-05  0.684920E-03  0.228526E-04  0.872914E-03  0.153966E+00  0.106814E-05
  0.270000E+00  0.540984E-05  0.682460E-03  0.257670E-04  0.882054E-03  0.129263E+00  0.107914E-05
  0.290000E+00  0.595552E-05  0.680404E-03  0.288010E-04  0.891561E-03  0.104187E+00  0.109063E-05
  0.310000E+00  0.656294E-05  0.678771E-03  0.319416E-04  0.901357E-03  0.787514E-01  0.110251E-05
  0.330000E+00  0.723407E-05  0.677579E-03  0.351715E-04  0.911360E-03  0.529770E-01  0.111467E-05
  0.350000E+00  0.797049E-05  0.676848E-03  0.384705E-04  0.921484E-03  0.268821E-01  0.112701E-05
  0.380000E+00  0.920026E-05  0.676652E-03  0.435101E-04  0.936717E-03 -0.128088E-01  0.114562E-05
  0.410000E+00  0.105819E-04  0.677584E-03  0.485978E-04  0.951737E-03 -0.530828E-01  0.116405E-05
  0.440000E+00  0.121158E-04  0.679691E-03  0.536579E-04  0.966251E-03 -0.938442E-01  0.118196E-05
  0.470000E+00  0.138000E-04  0.683009E-03  0.586126E-04  0.979993E-03 -0.134985E+00  0.119904E-05
  0.500000E+00  0.156301E-04  0.687560E-03  0.633925E-04  0.992730E-03 -0.176390E+00  0.121505E-05
  0.520000E+00  0.169045E-04  0.690252E-03  0.640120E-04  0.986568E-03 -0.985649E-01  0.122501E-05
  0.540000E+00  0.181887E-04  0.691429E-03  0.643747E-04  0.987883E-03 -0.212687E-01  0.123441E-05
  0.560000E+00  0.194781E-04  0.691094E-03  0.645357E-04  0.996738E-03  0.547061E-01  0.124329E-05
  0.580000E+00  0.207693E-04  0.689256E-03  0.645502E-04  0.101292E-02  0.128566E+00  0.125169E-05
  0.600000E+00  0.220598E-04  0.685935E-03  0.644729E-04  0.103595E-02  0.199529E+00  0.125965E-05
  0.630000E+00  0.240691E-04  0.680541E-03  0.694678E-04  0.104483E-02  0.151493E+00  0.127080E-05
  0.660000E+00  0.262327E-04  0.676562E-03  0.747660E-04  0.105298E-02  0.103484E+00  0.128092E-05
  0.690000E+00  0.285584E-04  0.674050E-03  0.802747E-04  0.106028E-02  0.555781E-01  0.128987E-05
  0.720000E+00  0.310511E-04  0.673038E-03  0.858898E-04  0.106662E-02  0.787720E-02  0.129760E-05
  0.750000E+00  0.337120E-04  0.673545E-03  0.914992E-04  0.107193E-02 -0.395168E-01  0.130407E-05
  0.770000E+00  0.355788E-04  0.674729E-03  0.951753E-04  0.107487E-02 -0.708966E-01  0.130768E-05
  0.790000E+00  0.375182E-04  0.676583E-03  0.987638E-04  0.107734E-02 -0.102064E+00  0.131077E-05
  0.810000E+00  0.395281E-04  0.679100E-03  0.102232E-03  0.107933E-02 -0.132988E+00  0.131336E-05
  0.830000E+00  0.416059E-04  0.682269E-03  0.105548E-03  0.108085E-02 -0.163642E+00  0.131549E-05
  0.850000E+00  0.437483E-04  0.686075E-03  0.108684E-03  0.108192E-02 -0.194000E+00  0.131719E-05
  0.880000E+00  0.470738E-04  0.692943E-03  0.113003E-03  0.108269E-02 -0.238924E+00  0.131902E-05
  0.910000E+00  0.505212E-04  0.701144E-03  0.116811E-03  0.108254E-02 -0.283060E+00  0.132014E-05
  0.940000E+00  0.540745E-04  0.710604E-03  0.120068E-03  0.108155E-02 -0.326369E+00  0.132069E-05
  0.970000E+00  0.577170E-04  0.721248E-03  0.122751E-03  0.107984E-02 -0.368829E+00  0.132084E-05
  0.100000E+01  0.614312E-04  0.732995E-03  0.124853E-03  0.107752E-02 -0.410452E+00  0.132075E-05
  0.102000E+01  0.638457E-04  0.740299E-03  0.116536E-03  0.103775E-02 -0.325186E+00  0.132062E-05
  0.104000E+01  0.660882E-04  0.745820E-03  0.107653E-03  0.100631E-02 -0.235775E+00  0.132046E-05
  0.106000E+01  0.681479E-04  0.749528E-03  0.982691E-04  0.984443E-03 -0.143380E+00  0.132027E-05
  0.108000E+01  0.700155E-04  0.751404E-03  0.884468E-04  0.973079E-03 -0.491971E-01  0.132008E-05
  0.110000E+01  0.716829E-04  0.751439E-03  0.782464E-04  0.972718E-03  0.455688E-01  0.131988E-05
  0.113000E+01  0.740379E-04  0.750579E-03  0.787350E-04  0.972680E-03  0.134499E-01  0.131957E-05
  0.116000E+01  0.764047E-04  0.750658E-03  0.790352E-04  0.972437E-03 -0.188841E-01  0.131926E-05
  0.119000E+01  0.787774E-04  0.751683E-03  0.791256E-04  0.972020E-03 -0.514351E-01  0.131899E-05
  0.122000E+01  0.811493E-04  0.753656E-03  0.789872E-04  0.971459E-03 -0.841997E-01  0.131877E-05
  0.125000E+01  0.835135E-04  0.756574E-03  0.786108E-04  0.970780E-03 -0.117173E+00  0.131861E-05
  0.127000E+01  0.850819E-04  0.759043E-03  0.782258E-04  0.970277E-03 -0.139266E+00  0.131855E-05
  0.129000E+01  0.866415E-04  0.761927E-03  0.777361E-04  0.969740E-03 -0.161440E+00  0.131852E-05
  0.131000E+01  0.881903E-04  0.765224E-03  0.771451E-04  0.969176E-03 -0.183689E+00  0.131853E-05
  0.133000E+01  0.897264E-04  0.768930E-03  0.764586E-04  0.968592E-03 -0.206009E+00  0.131858E-05
  0.135000E+01  0.912478E-04  0.773040E-03  0.756829E-04  0.967993E-03 -0.228392E+00  0.131867E-05
  0.138000E+01  0.934988E-04  0.779953E-03  0.743658E-04  0.967072E-03 -0.262070E+00  0.131889E-05
  0.141000E+01  0.957079E-04  0.787745E-03  0.728891E-04  0.966143E-03 -0.295856E+00  0.131920E-05
  0.144000E+01  0.978708E-04  0.796393E-03  0.712866E-04  0.965207E-03 -0.329736E+00  0.131959E-05
  0.147000E+01  0.999842E-04  0.805874E-03  0.695917E-04  0.964260E-03 -0.363700E+00  0.132005E-05
  0.150000E+01  0.102046E-03  0.816161E-03  0.678336E-04  0.963305E-03 -0.397743E+00  0.132054E-05
  0.152000E+01  0.103237E-03  0.822226E-03  0.512457E-04  0.923296E-03 -0.281608E+00  0.132088E-05
  0.154000E+01  0.104095E-03  0.826166E-03  0.345027E-04  0.896280E-03 -0.162255E+00  0.132121E-05
  0.156000E+01  0.104616E-03  0.827965E-03  0.176531E-04  0.883729E-03 -0.411222E-01  0.132150E-05
  0.158000E+01  0.104800E-03  0.827618E-03  0.742524E-06  0.886363E-03  0.803481E-01  0.132175E-05
  0.160000E+01  0.104646E-03  0.825128E-03 -0.161840E-04  0.903978E-03  0.200714E+00  0.132193E-05
  0.163000E+01  0.104132E-03  0.820182E-03 -0.180516E-04  0.904560E-03  0.170176E+00  0.132206E-05
  0.166000E+01  0.103562E-03  0.816030E-03 -0.199734E-04  0.904962E-03  0.139498E+00  0.132207E-05
  0.169000E+01  0.102934E-03  0.812686E-03 -0.219314E-04  0.905208E-03  0.108699E+00  0.132198E-05
  0.172000E+01  0.102247E-03  0.810165E-03 -0.239033E-04  0.905332E-03  0.778017E-01  0.132183E-05
  0.175000E+01  0.101500E-03  0.808476E-03 -0.258633E-04  0.905373E-03  0.468282E-01  0.132167E-05
  0.177000E+01  0.100970E-03  0.807816E-03 -0.271512E-04  0.905373E-03  0.261475E-01  0.132159E-05
  0.179000E+01  0.100414E-03  0.807530E-03 -0.284159E-04  0.905365E-03  0.545180E-02  0.132154E-05
  0.181000E+01  0.998338E-04  0.807619E-03 -0.296502E-04  0.905358E-03 -0.152535E-01  0.132154E-05
  0.183000E+01  0.992288E-04  0.808082E-03 -0.308464E-04  0.905365E-03 -0.359622E-01  0.132161E-05
  0.185000E+01  0.986004E-04  0.808920E-03 -0.319969E-04  0.905397E-03 -0.566666E-01  0.132176E-05
  0.188000E+01  0.976162E-04  0.810876E-03 -0.336193E-04  0.905500E-03 -0.876953E-01  0.132216E-05
  0.191000E+01  0.965855E-04  0.813664E-03 -0.350997E-04  0.905687E-03 -0.118673E+00  0.132279E-05
  0.194000E+01  0.955128E-04  0.817276E-03 -0.364201E-04  0.905964E-03 -0.149590E+00  0.132367E-05
  0.197000E+01  0.944032E-04  0.821702E-03 -0.375639E-04  0.906334E-03 -0.180440E+00  0.132480E-05
  0.200000E+01  0.932619E-04  0.826929E-03 -0.385234E-04  0.906797E-03 -0.211224E+00  0.132619E-05
  0.202000E+01  0.923467E-04  0.829609E-03 -0.529802E-04  0.888721E-03 -0.910046E-01  0.132725E-05
  0.204000E+01  0.911448E-04  0.830149E-03 -0.671810E-04  0.885674E-03  0.300515E-01  0.132843E-05
  0.206000E+01  0.896618E-04  0.828546E-03 -0.810735E-04  0.897849E-03  0.150452E+00  0.132973E-05
  0.208000E+01  0.879046E-04  0.824810E-03 -0.946031E-04  0.924513E-03  0.268712E+00  0.133116E-05
  0.210000E+01  0.858810E-04  0.818957E-03 -0.107712E-03  0.964181E-03  0.383371E+00  0.133274E-05
  0.213000E+01  0.826524E-04  0.809021E-03 -0.107523E-03  0.966651E-03  0.347195E+00  0.133542E-05
  0.216000E+01  0.794355E-04  0.799945E-03 -0.106939E-03  0.969351E-03  0.310871E+00  0.133848E-05
  0.219000E+01  0.762423E-04  0.791766E-03 -0.105936E-03  0.972287E-03  0.274412E+00  0.134193E-05
  0.222000E+01  0.730858E-04  0.784518E-03 -0.104500E-03  0.975448E-03  0.237830E+00  0.134575E-05
  0.225000E+01  0.699787E-04  0.778234E-03 -0.102633E-03  0.978804E-03  0.201134E+00  0.134989E-05
  0.227000E+01  0.679408E-04  0.774597E-03 -0.101160E-03  0.981121E-03  0.176615E+00  0.135280E-05
  0.229000E+01  0.659341E-04  0.771411E-03 -0.995153E-04  0.983482E-03  0.152059E+00  0.135579E-05
  0.231000E+01  0.639618E-04  0.768686E-03 -0.977116E-04  0.985866E-03  0.127469E+00  0.135885E-05
  0.233000E+01  0.620271E-04  0.766427E-03 -0.957616E-04  0.988252E-03  0.102852E+00  0.136194E-05
  0.235000E+01  0.601327E-04  0.764643E-03 -0.936787E-04  0.990611E-03  0.782124E-01  0.136503E-05
  0.238000E+01  0.573723E-04  0.762869E-03 -0.903382E-04  0.994050E-03  0.412233E-01  0.136960E-05
  0.241000E+01  0.547152E-04  0.762190E-03 -0.867984E-04  0.997296E-03  0.421061E-02  0.137400E-05
  0.244000E+01  0.521662E-04  0.762618E-03 -0.831281E-04  0.100027E-02 -0.328093E-01  0.137815E-05
  0.247000E+01  0.497284E-04  0.764158E-03 -0.793888E-04  0.100292E-02 -0.698322E-01  0.138197E-05
  0.250000E+01  0.474029E-04  0.766808E-03 -0.756407E-04  0.100518E-02 -0.106850E+00  0.138538E-05
  0.252000E+01  0.458445E-04  0.768038E-03 -0.801608E-04  0.999485E-03 -0.161682E-01  0.138742E-05
  0.254000E+01  0.441980E-04  0.767455E-03 -0.844440E-04  0.100421E-02  0.743620E-01  0.138926E-05
  0.256000E+01  0.424687E-04  0.765062E-03 -0.884473E-04  0.101916E-02  0.163675E+00  0.139093E-05
  0.258000E+01  0.406625E-04  0.760876E-03 -0.921266E-04  0.104373E-02  0.250719E+00  0.139241E-05
  0.260000E+01  0.387864E-04  0.754919E-03 -0.954375E-04  0.107695E-02  0.334475E+00  0.139371E-05
  0.263000E+01  0.359863E-04  0.745273E-03 -0.912265E-04  0.107862E-02  0.290778E+00  0.139528E-05
  0.266000E+01  0.333167E-04  0.736867E-03 -0.867371E-04  0.107985E-02  0.246972E+00  0.139637E-05
  0.269000E+01  0.307854E-04  0.729754E-03 -0.820080E-04  0.108062E-02  0.203066E+00  0.139695E-05
  0.272000E+01  0.283990E-04  0.723978E-03 -0.770835E-04  0.108092E-02  0.159081E+00  0.139700E-05
  0.275000E+01  0.261625E-04  0.719576E-03 -0.720078E-04  0.108076E-02  0.115035E+00  0.139654E-05
  0.277000E+01  0.247567E-04  0.717418E-03 -0.685684E-04  0.108041E-02  0.856461E-01  0.139598E-05
  0.279000E+01  0.234200E-04  0.715889E-03 -0.651058E-04  0.107989E-02  0.562487E-01  0.139523E-05
  0.281000E+01  0.221526E-04  0.714993E-03 -0.616339E-04  0.107921E-02  0.268524E-01  0.139430E-05
  0.283000E+01  0.209545E-04  0.714731E-03 -0.581705E-04  0.107839E-02 -0.253231E-02  0.139323E-05
  0.285000E+01  0.198255E-04  0.715102E-03 -0.547331E-04  0.107745E-02 -0.318943E-01  0.139203E-05
  0.288000E+01  0.182595E-04  0.716839E-03 -0.496624E-04  0.107586E-02 -0.758719E-01  0.139007E-05
  0.291000E+01  0.168433E-04  0.719978E-03 -0.447405E-04  0.107412E-02 -0.119749E+00  0.138799E-05
  0.294000E+01  0.155720E-04  0.724492E-03 -0.400092E-04  0.107231E-02 -0.163497E+00  0.138590E-05
  0.297000E+01  0.144392E-04  0.730347E-03 -0.355019E-04  0.107052E-02 -0.207102E+00  0.138391E-05
  0.300000E+01  0.134377E-04  0.737504E-03 -0.312568E-04  0.106881E-02 -0.250558E+00  0.138212E-05
  0.302000E+01  0.128194E-04  0.741868E-03 -0.305589E-04  0.104488E-02 -0.171326E+00  0.138107E-05
  0.304000E+01  0.122149E-04  0.744555E-03 -0.298783E-04  0.102960E-02 -0.898628E-01  0.138014E-05
  0.306000E+01  0.116241E-04  0.745551E-03 -0.291826E-04  0.102352E-02 -0.718671E-02  0.137933E-05
  0.308000E+01  0.110477E-04  0.744849E-03 -0.284408E-04  0.102687E-02  0.756727E-01  0.137863E-05
  0.310000E+01  0.104870E-04  0.742454E-03 -0.276218E-04  0.103950E-02  0.157682E+00  0.137806E-05
  0.313000E+01  0.971391E-05  0.738215E-03 -0.239122E-04  0.103927E-02  0.116799E+00  0.137745E-05
  0.316000E+01  0.905305E-05  0.735227E-03 -0.201426E-04  0.103922E-02  0.758109E-01  0.137717E-05
  0.319000E+01  0.850558E-05  0.733507E-03 -0.163536E-04  0.103938E-02  0.347366E-01  0.137727E-05
  0.322000E+01  0.807147E-05  0.733065E-03 -0.125845E-04  0.103978E-02 -0.640465E-02  0.137778E-05
  0.325000E+01  0.774954E-05  0.733907E-03 -0.887575E-05  0.104045E-02 -0.475926E-01  0.137871E-05
  0.327000E+01  0.759620E-05  0.735181E-03 -0.645836E-05  0.104103E-02 -0.750647E-01  0.137956E-05
  0.329000E+01  0.749063E-05  0.737023E-03 -0.409823E-05  0.104171E-02 -0.102536E+00  0.138059E-05
  0.331000E+01  0.743156E-05  0.739430E-03 -0.180851E-05  0.104249E-02 -0.129999E+00  0.138177E-05
  0.333000E+01  0.741747E-05  0.742397E-03  0.399144E-06  0.104335E-02 -0.157448E+00  0.138310E-05
  0.335000E+01  0.744663E-05  0.745919E-03  0.251677E-05  0.104428E-02 -0.184870E+00  0.138457E-05
  0.338000E+01  0.756700E-05  0.752226E-03  0.550964E-05  0.104576E-02 -0.225932E+00  0.138699E-05
  0.341000E+01  0.777362E-05  0.759737E-03  0.826694E-05  0.104731E-02 -0.266895E+00  0.138963E-05
  0.344000E+01  0.805928E-05  0.768418E-03  0.107795E-04  0.104885E-02 -0.307742E+00  0.139241E-05
  0.347000E+01  0.841661E-05  0.778234E-03  0.130446E-04  0.105034E-02 -0.348455E+00  0.139528E-05
  0.350000E+01  0.883827E-05  0.789141E-03  0.150694E-04  0.105174E-02 -0.389025E+00  0.139818E-05
  0.352000E+01  0.913842E-05  0.795811E-03  0.149372E-04  0.101430E-02 -0.293268E+00  0.140011E-05
  0.354000E+01  0.943451E-05  0.800550E-03  0.146645E-04  0.986993E-03 -0.194311E+00  0.140204E-05
  0.356000E+01  0.972400E-05  0.803336E-03  0.142779E-04  0.971042E-03 -0.933590E-01  0.140396E-05
  0.358000E+01  0.100048E-04  0.804158E-03  0.137990E-04  0.967221E-03  0.835707E-02  0.140591E-05
  0.360000E+01  0.102754E-04  0.803014E-03  0.132482E-04  0.975734E-03  0.109596E+00  0.140788E-05
  0.363000E+01  0.106946E-04  0.800333E-03  0.146976E-04  0.977972E-03  0.741673E-01  0.141094E-05
  0.366000E+01  0.111574E-04  0.798678E-03  0.161517E-04  0.980251E-03  0.386793E-01  0.141413E-05
  0.369000E+01  0.116636E-04  0.798063E-03  0.175947E-04  0.982552E-03  0.313838E-02  0.141741E-05
  0.372000E+01  0.122128E-04  0.798496E-03  0.190142E-04  0.984853E-03 -0.324511E-01  0.142076E-05
  0.375000E+01  0.128040E-04  0.799981E-03  0.204013E-04  0.987129E-03 -0.680796E-01  0.142414E-05
  0.377000E+01  0.132210E-04  0.801556E-03  0.212984E-04  0.988618E-03 -0.918481E-01  0.142640E-05
  0.379000E+01  0.136557E-04  0.803597E-03  0.221694E-04  0.990075E-03 -0.115624E+00  0.142865E-05
  0.381000E+01  0.141075E-04  0.806103E-03  0.230126E-04  0.991492E-03 -0.139404E+00  0.143089E-05
  0.383000E+01  0.145759E-04  0.809072E-03  0.238260E-04  0.992862E-03 -0.163182E+00  0.143309E-05
  0.385000E+01  0.150602E-04  0.812498E-03  0.246065E-04  0.994182E-03 -0.186953E+00  0.143527E-05
  0.388000E+01  0.158150E-04  0.818486E-03  0.257124E-04  0.996050E-03 -0.222578E+00  0.143846E-05
  0.391000E+01  0.166017E-04  0.825475E-03  0.267407E-04  0.997774E-03 -0.258162E+00  0.144155E-05
  0.394000E+01  0.174182E-04  0.833443E-03  0.276927E-04  0.999346E-03 -0.293701E+00  0.144454E-05
  0.397000E+01  0.182621E-04  0.842364E-03  0.285679E-04  0.100075E-02 -0.329193E+00  0.144740E-05
  0.400000E+01  0.191310E-04  0.852209E-03  0.293630E-04  0.100199E-02 -0.364638E+00  0.145013E-05
  0.402000E+01  0.196941E-04  0.857990E-03  0.269329E-04  0.965090E-03 -0.250663E+00  0.145185E-05
  0.404000E+01  0.202074E-04  0.861588E-03  0.243900E-04  0.941621E-03 -0.134015E+00  0.145350E-05
  0.406000E+01  0.206690E-04  0.862990E-03  0.217541E-04  0.932901E-03 -0.160908E-01  0.145509E-05
  0.408000E+01  0.210771E-04  0.862189E-03  0.190438E-04  0.939454E-03  0.101695E+00  0.145663E-05
  0.410000E+01  0.214304E-04  0.859191E-03  0.162783E-04  0.960893E-03  0.217930E+00  0.145812E-05
  0.413000E+01  0.219288E-04  0.853501E-03  0.169443E-04  0.962512E-03  0.184458E+00  0.146032E-05
  0.416000E+01  0.224478E-04  0.848723E-03  0.176580E-04  0.964071E-03  0.150888E+00  0.146248E-05
  0.419000E+01  0.229889E-04  0.844877E-03  0.184104E-04  0.965562E-03  0.117222E+00  0.146459E-05
  0.422000E+01  0.235529E-04  0.841983E-03  0.191917E-04  0.966981E-03  0.834697E-01  0.146662E-05
  0.425000E+01  0.241407E-04  0.840056E-03  0.199932E-04  0.968322E-03  0.496381E-01  0.146858E-05
  0.427000E+01  0.245460E-04  0.839314E-03  0.205342E-04  0.969174E-03  0.270464E-01  0.146984E-05
  0.429000E+01  0.249621E-04  0.839008E-03  0.210759E-04  0.969990E-03  0.443071E-02  0.147107E-05
  0.431000E+01  0.253890E-04  0.839142E-03  0.216144E-04  0.970772E-03 -0.182037E-01  0.147226E-05
  0.433000E+01  0.258266E-04  0.839715E-03  0.221458E-04  0.971516E-03 -0.408546E-01  0.147341E-05
  0.435000E+01  0.262747E-04  0.840728E-03  0.226673E-04  0.972227E-03 -0.635186E-01  0.147453E-05
  0.438000E+01  0.269661E-04  0.843070E-03  0.234273E-04  0.973227E-03 -0.975294E-01  0.147614E-05
  0.441000E+01  0.276797E-04  0.846394E-03  0.241491E-04  0.974137E-03 -0.131547E+00  0.147765E-05
  0.444000E+01  0.284142E-04  0.850689E-03  0.248210E-04  0.974952E-03 -0.165560E+00  0.147906E-05
  0.447000E+01  0.291679E-04  0.855943E-03  0.254309E-04  0.975670E-03 -0.199562E+00  0.148038E-05
  0.450000E+01  0.299389E-04  0.862140E-03  0.259680E-04  0.976295E-03 -0.233543E+00  0.148160E-05
  0.452000E+01  0.304162E-04  0.865489E-03  0.217553E-04  0.954213E-03 -0.119061E+00  0.148236E-05
  0.454000E+01  0.308084E-04  0.866649E-03  0.174501E-04  0.946723E-03 -0.330065E-02  0.148309E-05
  0.456000E+01  0.311137E-04  0.865614E-03  0.130771E-04  0.954262E-03  0.112344E+00  0.148379E-05
  0.458000E+01  0.313312E-04  0.862391E-03  0.866070E-05  0.976388E-03  0.226481E+00  0.148446E-05
  0.460000E+01  0.314601E-04  0.856994E-03  0.422572E-05  0.101189E-02  0.337737E+00  0.148511E-05
  0.463000E+01  0.315937E-04  0.847762E-03  0.467586E-05  0.101260E-02  0.300589E+00  0.148605E-05
  0.466000E+01  0.317414E-04  0.839516E-03  0.516821E-05  0.101327E-02  0.263322E+00  0.148696E-05
  0.469000E+01  0.319044E-04  0.832291E-03  0.569637E-05  0.101390E-02  0.225943E+00  0.148786E-05
  0.472000E+01  0.320838E-04  0.826119E-03  0.625893E-05  0.101451E-02  0.188463E+00  0.148875E-05
  0.475000E+01  0.322805E-04  0.821026E-03  0.685409E-05  0.101513E-02  0.150900E+00  0.148968E-05
  0.477000E+01  0.324217E-04  0.818243E-03  0.726684E-05  0.101556E-02  0.125825E+00  0.149032E-05
  0.479000E+01  0.325713E-04  0.815957E-03  0.768806E-05  0.101601E-02  0.100734E+00  0.149100E-05
  0.481000E+01  0.327293E-04  0.814171E-03  0.811478E-05  0.101650E-02  0.756341E-01  0.149173E-05
  0.483000E+01  0.328959E-04  0.812891E-03  0.854194E-05  0.101702E-02  0.505331E-01  0.149249E-05
  0.485000E+01  0.330710E-04  0.812119E-03  0.896669E-05  0.101757E-02  0.254388E-01  0.149331E-05
  0.488000E+01  0.333493E-04  0.811916E-03  0.958569E-05  0.101847E-02 -0.121738E-01  0.149462E-05
  0.491000E+01  0.336456E-04  0.812862E-03  0.101685E-04  0.101941E-02 -0.497397E-01  0.149601E-05
  0.494000E+01  0.339587E-04  0.814952E-03  0.107016E-04  0.102040E-02 -0.872416E-01  0.149748E-05
  0.497000E+01  0.342868E-04  0.818178E-03  0.111683E-04  0.102140E-02 -0.124658E+00  0.149900E-05
  0.500000E+01  0.346276E-04  0.822527E-03  0.115516E-04  0.102239E-02 -0.161972E+00  0.150055E-05
  0.502000E+01  0.348086E-04  0.824805E-03  0.654884E-05  0.100920E-02 -0.638554E-01  0.150158E-05
  0.504000E+01  0.348892E-04  0.825097E-03  0.150434E-05  0.100810E-02  0.348808E-01  0.150262E-05
  0.506000E+01  0.348687E-04  0.823401E-03 -0.354844E-05  0.101916E-02  0.133037E+00  0.150366E-05
  0.508000E+01  0.347475E-04  0.819725E-03 -0.857383E-05  0.104189E-02  0.229421E+00  0.150472E-05
  0.510000E+01  0.345264E-04  0.814089E-03 -0.135344E-04  0.107529E-02  0.322854E+00  0.150582E-05
  0.513000E+01  0.341275E-04  0.804759E-03 -0.130645E-04  0.107654E-02  0.281162E+00  0.150758E-05
  0.516000E+01  0.337450E-04  0.796620E-03 -0.124465E-04  0.107788E-02  0.239396E+00  0.150948E-05
  0.519000E+01  0.333831E-04  0.789714E-03 -0.116886E-04  0.107932E-02  0.197568E+00  0.151151E-05
  0.522000E+01  0.330458E-04  0.784079E-03 -0.108050E-04  0.108088E-02  0.155713E+00  0.151369E-05
  0.525000E+01  0.327367E-04  0.779745E-03 -0.981294E-05  0.108254E-02  0.113859E+00  0.151601E-05
  0.527000E+01  0.325476E-04  0.777591E-03 -0.910061E-05  0.108369E-02  0.859698E-01  0.151762E-05
  0.529000E+01  0.323730E-04  0.776033E-03 -0.835523E-05  0.108490E-02  0.581000E-01  0.151929E-05
  0.531000E+01  0.322136E-04  0.775075E-03 -0.758218E-05  0.108613E-02  0.302595E-01  0.152101E-05
  0.533000E+01  0.320699E-04  0.774720E-03 -0.678875E-05  0.108740E-02  0.245662E-02  0.152278E-05
  0.535000E+01  0.319422E-04  0.774968E-03 -0.598330E-05  0.108869E-02 -0.253015E-01  0.152460E-05
  0.538000E+01  0.317810E-04  0.776473E-03 -0.476939E-05  0.109066E-02 -0.668497E-01  0.152739E-05
  0.541000E+01  0.316561E-04  0.779329E-03 -0.356752E-05  0.109263E-02 -0.108276E+00  0.153026E-05
  0.544000E+01  0.315667E-04  0.783523E-03 -0.239737E-05  0.109456E-02 -0.149560E+00  0.153317E-05
  0.547000E+01  0.315117E-04  0.789034E-03 -0.127689E-05  0.109641E-02 -0.190681E+00  0.153609E-05
  0.550000E+01  0.314894E-04  0.795834E-03 -0.221915E-06  0.109814E-02 -0.231636E+00  0.153898E-05
  0.552000E+01  0.314443E-04  0.799871E-03 -0.428240E-05  0.107704E-02 -0.146190E+00  0.154087E-05
  0.554000E+01  0.313180E-04  0.802060E-03 -0.834548E-05  0.106596E-02 -0.592198E-01  0.154273E-05
  0.556000E+01  0.311107E-04  0.802390E-03 -0.123766E-04  0.106536E-02  0.282114E-01  0.154459E-05
  0.558000E+01  0.308235E-04  0.800860E-03 -0.163411E-04  0.107530E-02  0.115034E+00  0.154645E-05
  0.560000E+01  0.304579E-04  0.797479E-03 -0.202078E-04  0.109540E-02  0.200191E+00  0.154833E-05
  0.563000E+01  0.298703E-04  0.791664E-03 -0.189796E-04  0.109762E-02  0.159071E+00  0.155122E-05
  0.566000E+01  0.293219E-04  0.787143E-03 -0.175971E-04  0.109988E-02  0.117904E+00  0.155419E-05
  0.569000E+01  0.288170E-04  0.783945E-03 -0.160769E-04  0.110212E-02  0.767035E-01  0.155721E-05
  0.572000E+01  0.283594E-04  0.782092E-03 -0.144399E-04  0.110434E-02  0.354750E-01  0.156024E-05
  0.575000E+01  0.279523E-04  0.781600E-03 -0.127122E-04  0.110649E-02 -0.576408E-02  0.156326E-05
  0.577000E+01  0.277100E-04  0.782032E-03 -0.115243E-04  0.110788E-02 -0.332629E-01  0.156525E-05
  0.579000E+01  0.274916E-04  0.783073E-03 -0.103136E-04  0.110923E-02 -0.607614E-01  0.156721E-05
  0.581000E+01  0.272976E-04  0.784722E-03 -0.908606E-05  0.111052E-02 -0.882589E-01  0.156914E-05
  0.583000E+01  0.271282E-04  0.786977E-03 -0.784926E-05  0.111176E-02 -0.115753E+00  0.157104E-05
  0.585000E+01  0.269837E-04  0.789834E-03 -0.660870E-05  0.111293E-02 -0.143240E+00  0.157289E-05
  0.588000E+01  0.268134E-04  0.795236E-03 -0.475454E-05  0.111457E-02 -0.184444E+00  0.157559E-05
  0.591000E+01  0.266983E-04  0.801955E-03 -0.292762E-05  0.111605E-02 -0.225615E+00  0.157818E-05
  0.594000E+01  0.266373E-04  0.809963E-03 -0.114886E-05  0.111737E-02 -0.266751E+00  0.158067E-05
  0.597000E+01  0.266286E-04  0.819223E-03  0.556729E-06  0.111853E-02 -0.307854E+00  0.158304E-05
  0.600000E+01  0.266696E-04  0.829696E-03  0.217195E-05  0.111952E-02 -0.348925E+00  0.158528E-05
  0.602000E+01  0.266832E-04  0.836082E-03 -0.811226E-06  0.108394E-02 -0.256757E+00  0.158670E-05
  0.604000E+01  0.266368E-04  0.840470E-03 -0.382893E-05  0.105887E-02 -0.161738E+00  0.158805E-05
  0.606000E+01  0.265300E-04  0.842840E-03 -0.685501E-05  0.104539E-02 -0.650114E-01  0.158932E-05
  0.608000E+01  0.263627E-04  0.843182E-03 -0.986586E-05  0.104410E-02  0.322633E-01  0.159052E-05
  0.610000E+01  0.261356E-04  0.841495E-03 -0.128375E-04  0.105505E-02  0.128921E+00  0.159166E-05
  0.613000E+01  0.257733E-04  0.838021E-03 -0.113302E-04  0.105622E-02  0.918638E-01  0.159326E-05
  0.616000E+01  0.254571E-04  0.835705E-03 -0.975488E-05  0.105726E-02  0.546905E-01  0.159474E-05
  0.619000E+01  0.251889E-04  0.834562E-03 -0.813482E-05  0.105817E-02  0.174062E-01  0.159608E-05
  0.622000E+01  0.249698E-04  0.834603E-03 -0.648211E-05  0.105898E-02 -0.199719E-01  0.159729E-05
  0.625000E+01  0.248005E-04  0.835832E-03 -0.481346E-05  0.105968E-02 -0.574229E-01  0.159840E-05
  0.627000E+01  0.247153E-04  0.837310E-03 -0.370052E-05  0.106010E-02 -0.824233E-01  0.159908E-05
  0.629000E+01  0.246524E-04  0.839314E-03 -0.259500E-05  0.106049E-02 -0.107444E+00  0.159972E-05
  0.631000E+01  0.246114E-04  0.841841E-03 -0.150254E-05  0.106085E-02 -0.132482E+00  0.160033E-05
  0.633000E+01  0.245921E-04  0.844886E-03 -0.430343E-06  0.106118E-02 -0.157531E+00  0.160092E-05
  0.635000E+01  0.245939E-04  0.848444E-03  0.614458E-06  0.106149E-02 -0.182588E+00  0.160149E-05
  0.638000E+01  0.246349E-04  0.854732E-03  0.211618E-05  0.106193E-02 -0.220177E+00  0.160232E-05
  0.641000E+01  0.247196E-04  0.862137E-03  0.352463E-05  0.106232E-02 -0.257757E+00  0.160313E-05
  0.644000E+01  0.248448E-04  0.870632E-03  0.482344E-05  0.106268E-02 -0.295312E+00  0.160392E-05
  0.647000E+01  0.250071E-04  0.880185E-03  0.599909E-05  0.106298E-02 -0.332839E+00  0.160469E-05
  0.650000E+01  0.252029E-04  0.890763E-03  0.705022E-05  0.106324E-02 -0.370340E+00  0.160542E-05
  0.652000E+01  0.253123E-04  0.897027E-03  0.388854E-05  0.102316E-02 -0.259364E+00  0.160589E-05
  0.654000E+01  0.253579E-04  0.901030E-03  0.667328E-06  0.996621E-03 -0.145367E+00  0.160632E-05
  0.656000E+01  0.253387E-04  0.902757E-03 -0.258615E-05  0.985053E-03 -0.297182E-01  0.160673E-05
  0.658000E+01  0.252543E-04  0.902200E-03 -0.584727E-05  0.989113E-03  0.861958E-01  0.160711E-05
  0.660000E+01  0.251049E-04  0.899362E-03 -0.909295E-05  0.100856E-02  0.200986E+00  0.160746E-05
  0.663000E+01  0.248444E-04  0.893888E-03 -0.826814E-05  0.100892E-02  0.166953E+00  0.160795E-05
  0.666000E+01  0.246094E-04  0.889400E-03 -0.740363E-05  0.100924E-02  0.132865E+00  0.160841E-05
  0.669000E+01  0.244007E-04  0.885917E-03 -0.650313E-05  0.100954E-02  0.987328E-01  0.160884E-05
  0.672000E+01  0.242195E-04  0.883452E-03 -0.557633E-05  0.100982E-02  0.645651E-01  0.160926E-05
  0.675000E+01  0.240664E-04  0.882016E-03 -0.463122E-05  0.101010E-02  0.303777E-01  0.160969E-05
  0.677000E+01  0.239801E-04  0.881632E-03 -0.399425E-05  0.101028E-02  0.757910E-02  0.160999E-05
  0.679000E+01  0.239066E-04  0.881709E-03 -0.335411E-05  0.101048E-02 -0.152215E-01  0.161030E-05
  0.681000E+01  0.238459E-04  0.882247E-03 -0.271473E-05  0.101068E-02 -0.380187E-01  0.161063E-05
  0.683000E+01  0.237980E-04  0.883245E-03 -0.207889E-05  0.101089E-02 -0.608076E-01  0.161098E-05
  0.685000E+01  0.237627E-04  0.884701E-03 -0.145083E-05  0.101111E-02 -0.835846E-01  0.161135E-05
  0.688000E+01  0.237329E-04  0.887739E-03 -0.528680E-06  0.101145E-02 -0.117724E+00  0.161193E-05
  0.691000E+01  0.237303E-04  0.891792E-03  0.360995E-06  0.101180E-02 -0.151826E+00  0.161255E-05
  0.694000E+01  0.237538E-04  0.896846E-03  0.121116E-05  0.101215E-02 -0.185889E+00  0.161320E-05
  0.697000E+01  0.238021E-04  0.902884E-03  0.201251E-05  0.101250E-02 -0.219912E+00  0.161389E-05
  0.700000E+01  0.238735E-04  0.909887E-03  0.275744E-05  0.101284E-02 -0.253895E+00  0.161460E-05
  0.702000E+01  0.238975E-04  0.913713E-03 -0.362936E-06  0.986908E-03 -0.136257E+00  0.161509E-05
  0.704000E+01  0.238588E-04  0.915213E-03 -0.349843E-05  0.976709E-03 -0.170656E-01  0.161558E-05
  0.706000E+01  0.237576E-04  0.914379E-03 -0.662633E-05  0.982859E-03  0.102243E+00  0.161608E-05
  0.708000E+01  0.235940E-04  0.911217E-03 -0.972510E-05  0.100499E-02  0.220231E+00  0.161661E-05
  0.710000E+01  0.233690E-04  0.905740E-03 -0.127728E-04  0.104185E-02  0.335476E+00  0.161716E-05
  0.713000E+01  0.229975E-04  0.896283E-03 -0.119901E-04  0.104250E-02  0.299251E+00  0.161809E-05
  0.716000E+01  0.226508E-04  0.887816E-03 -0.111170E-04  0.104324E-02  0.263008E+00  0.161916E-05
  0.719000E+01  0.223316E-04  0.880369E-03 -0.101595E-04  0.104408E-02  0.226747E+00  0.162038E-05
  0.722000E+01  0.220423E-04  0.873970E-03 -0.912624E-05  0.104502E-02  0.190476E+00  0.162176E-05
  0.725000E+01  0.217850E-04  0.868643E-03 -0.802443E-05  0.104607E-02  0.154202E+00  0.162332E-05
  0.727000E+01  0.216321E-04  0.865699E-03 -0.725818E-05  0.104683E-02  0.130020E+00  0.162445E-05
  0.729000E+01  0.214948E-04  0.863246E-03 -0.647202E-05  0.104762E-02  0.105840E+00  0.162564E-05
  0.731000E+01  0.213734E-04  0.861290E-03 -0.567123E-05  0.104846E-02  0.816589E-01  0.162690E-05
  0.733000E+01  0.212681E-04  0.859834E-03 -0.486009E-05  0.104932E-02  0.574779E-01  0.162821E-05
  0.735000E+01  0.211791E-04  0.858882E-03 -0.404432E-05  0.105021E-02  0.332976E-01  0.162957E-05
  0.738000E+01  0.210760E-04  0.858404E-03 -0.282318E-05  0.105158E-02 -0.297251E-02  0.163168E-05
  0.741000E+01  0.210093E-04  0.859069E-03 -0.162072E-05  0.105296E-02 -0.392399E-01  0.163385E-05
  0.744000E+01  0.209781E-04  0.860879E-03 -0.451677E-06  0.105435E-02 -0.755013E-01  0.163605E-05
  0.747000E+01  0.209813E-04  0.863829E-03  0.668721E-06  0.105572E-02 -0.111750E+00  0.163827E-05
  0.750000E+01  0.210172E-04  0.867910E-03  0.172749E-05  0.105704E-02 -0.147985E+00  0.164046E-05
  0.752000E+01  0.210269E-04  0.869949E-03 -0.756094E-06  0.104527E-02 -0.470587E-01  0.164189E-05
  0.754000E+01  0.209869E-04  0.869874E-03 -0.325229E-05  0.104663E-02  0.542095E-01  0.164331E-05
  0.756000E+01  0.208969E-04  0.867685E-03 -0.573600E-05  0.106109E-02  0.154605E+00  0.164471E-05
  0.758000E+01  0.207577E-04  0.863394E-03 -0.818298E-05  0.108796E-02  0.252922E+00  0.164613E-05
  0.760000E+01  0.205701E-04  0.857023E-03 -0.105700E-04  0.112607E-02  0.347980E+00  0.164756E-05
  0.763000E+01  0.202706E-04  0.846515E-03 -0.940269E-05  0.112757E-02  0.306216E+00  0.164976E-05
  0.766000E+01  0.200079E-04  0.837228E-03 -0.811772E-05  0.112911E-02  0.264435E+00  0.165199E-05
  0.769000E+01  0.197853E-04  0.829208E-03 -0.672306E-05  0.113070E-02  0.222647E+00  0.165427E-05
  0.772000E+01  0.196061E-04  0.822496E-03 -0.523368E-05  0.113230E-02  0.180862E+00  0.165658E-05
  0.775000E+01  0.194726E-04  0.817127E-03 -0.366714E-05  0.113391E-02  0.139082E+00  0.165887E-05
  0.777000E+01  0.194100E-04  0.814310E-03 -0.259296E-05  0.113498E-02  0.111232E+00  0.166039E-05
  0.779000E+01  0.193691E-04  0.812110E-03 -0.150316E-05  0.113602E-02  0.833871E-01  0.166189E-05
  0.781000E+01  0.193500E-04  0.810535E-03 -0.406691E-06  0.113705E-02  0.555500E-01  0.166336E-05
  0.783000E+01  0.193528E-04  0.809589E-03  0.687931E-06  0.113804E-02  0.277215E-01  0.166480E-05
  0.785000E+01  0.193774E-04  0.809274E-03  0.177414E-05  0.113901E-02 -0.991276E-04  0.166620E-05
  0.788000E+01  0.194547E-04  0.809991E-03  0.337196E-05  0.114038E-02 -0.418240E-01  0.166823E-05
  0.791000E+01  0.195791E-04  0.812132E-03  0.491125E-05  0.114166E-02 -0.835486E-01  0.167016E-05
  0.794000E+01  0.197484E-04  0.815690E-03  0.636653E-05  0.114283E-02 -0.125280E+00  0.167198E-05
  0.797000E+01  0.199598E-04  0.820650E-03  0.771866E-05  0.114389E-02 -0.167019E+00  0.167368E-05
  0.800000E+01  0.202101E-04  0.826989E-03  0.896129E-05  0.114483E-02 -0.208766E+00  0.167526E-05
  0.802000E+01  0.203666E-04  0.830724E-03  0.668275E-05  0.112496E-02 -0.124895E+00  0.167625E-05
  0.804000E+01  0.204769E-04  0.832561E-03  0.434467E-05  0.111532E-02 -0.396625E-01  0.167718E-05
  0.806000E+01  0.205400E-04  0.832491E-03  0.197135E-05  0.111630E-02  0.459192E-01  0.167806E-05
  0.808000E+01  0.205556E-04  0.830514E-03 -0.414451E-06  0.112787E-02  0.130833E+00  0.167890E-05
  0.810000E+01  0.205236E-04  0.826643E-03 -0.279007E-05  0.114960E-02  0.214065E+00  0.167973E-05
  0.813000E+01  0.204567E-04  0.820110E-03 -0.167833E-05  0.115051E-02  0.171693E+00  0.168097E-05
  0.816000E+01  0.204243E-04  0.814973E-03 -0.499804E-06  0.115143E-02  0.129326E+00  0.168223E-05
  0.819000E+01  0.204280E-04  0.811258E-03  0.734194E-06  0.115236E-02  0.869584E-01  0.168351E-05
  0.822000E+01  0.204694E-04  0.808989E-03  0.201092E-05  0.115328E-02  0.445841E-01  0.168481E-05
  0.825000E+01  0.205494E-04  0.808180E-03  0.331071E-05  0.115420E-02  0.220064E-02  0.168613E-05
  0.827000E+01  0.206243E-04  0.808456E-03  0.418017E-05  0.115481E-02 -0.260566E-01  0.168703E-05
  0.829000E+01  0.207166E-04  0.809383E-03  0.504666E-05  0.115542E-02 -0.543145E-01  0.168795E-05
  0.831000E+01  0.208261E-04  0.810962E-03  0.590517E-05  0.115603E-02 -0.825722E-01  0.168888E-05
  0.833000E+01  0.209526E-04  0.813187E-03  0.674967E-05  0.115664E-02 -0.110828E+00  0.168983E-05
  0.835000E+01  0.210959E-04  0.816056E-03  0.757568E-05  0.115723E-02 -0.139078E+00  0.169077E-05
  0.838000E+01  0.213413E-04  0.821551E-03  0.877079E-05  0.115809E-02 -0.181437E+00  0.169219E-05
  0.841000E+01  0.216215E-04  0.828452E-03  0.990361E-05  0.115891E-02 -0.223770E+00  0.169361E-05
  0.844000E+01  0.219348E-04  0.836725E-03  0.109664E-04  0.115969E-02 -0.266071E+00  0.169502E-05
  0.847000E+01  0.222787E-04  0.846331E-03  0.119520E-04  0.116041E-02 -0.308341E+00  0.169642E-05
  0.850000E+01  0.226510E-04  0.857227E-03  0.128556E-04  0.116107E-02 -0.350576E+00  0.169781E-05
  0.852000E+01  0.228795E-04  0.863893E-03  0.998795E-05  0.112385E-02 -0.259508E+00  0.169871E-05
  0.854000E+01  0.230499E-04  0.868509E-03  0.705122E-05  0.109731E-02 -0.165455E+00  0.169959E-05
  0.856000E+01  0.231611E-04  0.871053E-03  0.406677E-05  0.108260E-02 -0.695455E-01  0.170046E-05
  0.858000E+01  0.232124E-04  0.871511E-03  0.105606E-05  0.108037E-02  0.270711E-01  0.170133E-05
  0.860000E+01  0.232033E-04  0.869884E-03 -0.196034E-05  0.109074E-02  0.123233E+00  0.170221E-05
  0.863000E+01  0.231555E-04  0.866483E-03 -0.123570E-05  0.109167E-02  0.857570E-01  0.170359E-05
  0.866000E+01  0.231300E-04  0.864293E-03 -0.474179E-06  0.109265E-02  0.482786E-01  0.170507E-05
  0.869000E+01  0.231276E-04  0.863325E-03  0.310484E-06  0.109368E-02  0.107946E-01  0.170664E-05
  0.872000E+01  0.231490E-04  0.863586E-03  0.110469E-05  0.109474E-02 -0.266985E-01  0.170831E-05
  0.875000E+01  0.231940E-04  0.865078E-03  0.189271E-05  0.109585E-02 -0.641930E-01  0.171009E-05
  0.877000E+01  0.232370E-04  0.866755E-03  0.240727E-05  0.109661E-02 -0.891831E-01  0.171132E-05
  0.879000E+01  0.232902E-04  0.868974E-03  0.290845E-05  0.109737E-02 -0.114166E+00  0.171259E-05
  0.881000E+01  0.233532E-04  0.871732E-03  0.339258E-05  0.109814E-02 -0.139141E+00  0.171389E-05
  0.883000E+01  0.234256E-04  0.875026E-03  0.385327E-05  0.109891E-02 -0.164105E+00  0.171521E-05
  0.885000E+01  0.235070E-04  0.878848E-03  0.428549E-05  0.109967E-02 -0.189060E+00  0.171654E-05
  0.888000E+01  0.236444E-04  0.885562E-03  0.487244E-05  0.110078E-02 -0.226471E+00  0.171856E-05
  0.891000E+01  0.237983E-04  0.893429E-03  0.538058E-05  0.110183E-02 -0.263859E+00  0.172054E-05
  0.894000E+01  0.239661E-04  0.902420E-03  0.580499E-05  0.110280E-02 -0.301228E+00  0.172246E-05
  0.897000E+01  0.241454E-04  0.912504E-03  0.614792E-05  0.110368E-02 -0.338583E+00  0.172431E-05
  0.900000E+01  0.243337E-04  0.923647E-03  0.640941E-05  0.110446E-02 -0.375926E+00  0.172606E-05
  0.902000E+01  0.244267E-04  0.930256E-03  0.288318E-05  0.106255E-02 -0.264862E+00  0.172715E-05
  0.904000E+01  0.244487E-04  0.934521E-03 -0.678372E-06  0.103462E-02 -0.150801E+00  0.172819E-05
  0.906000E+01  0.243994E-04  0.936423E-03 -0.425583E-05  0.102219E-02 -0.351010E-01  0.172918E-05
  0.908000E+01  0.242785E-04  0.935954E-03 -0.783032E-05  0.102598E-02  0.808595E-01  0.173015E-05
  0.910000E+01  0.240863E-04  0.933118E-03 -0.113833E-04  0.104578E-02  0.195693E+00  0.173109E-05
  0.913000E+01  0.237466E-04  0.927595E-03 -0.112576E-04  0.104671E-02  0.161840E+00  0.173251E-05
  0.916000E+01  0.234110E-04  0.923089E-03 -0.111119E-04  0.104766E-02  0.127987E+00  0.173396E-05
  0.919000E+01  0.230801E-04  0.919618E-03 -0.109442E-04  0.104861E-02  0.941317E-01  0.173545E-05
  0.922000E+01  0.227545E-04  0.917196E-03 -0.107583E-04  0.104957E-02  0.602718E-01  0.173696E-05
  0.925000E+01  0.224347E-04  0.915832E-03 -0.105539E-04  0.105052E-02  0.264055E-01  0.173849E-05
  0.927000E+01  0.222251E-04  0.915514E-03 -0.104087E-04  0.105115E-02  0.382446E-02  0.173953E-05
  0.929000E+01  0.220184E-04  0.915671E-03 -0.102589E-04  0.105178E-02 -0.187591E-01  0.174058E-05
  0.931000E+01  0.218147E-04  0.916303E-03 -0.101072E-04  0.105241E-02 -0.413444E-01  0.174164E-05
  0.933000E+01  0.216141E-04  0.917410E-03 -0.995446E-05  0.105303E-02 -0.639302E-01  0.174270E-05
  0.935000E+01  0.214166E-04  0.918990E-03 -0.980104E-05  0.105365E-02 -0.865164E-01  0.174378E-05
  0.938000E+01  0.211258E-04  0.922244E-03 -0.957691E-05  0.105456E-02 -0.120398E+00  0.174541E-05
  0.941000E+01  0.208414E-04  0.926549E-03 -0.936715E-05  0.105546E-02 -0.154284E+00  0.174706E-05
  0.944000E+01  0.205631E-04  0.931895E-03 -0.917689E-05  0.105634E-02 -0.188177E+00  0.174871E-05
  0.947000E+01  0.202902E-04  0.938264E-03 -0.900996E-05  0.105717E-02 -0.222079E+00  0.175034E-05
  0.950000E+01  0.200218E-04  0.945640E-03 -0.887171E-05  0.105797E-02 -0.255993E+00  0.175195E-05
  0.952000E+01  0.198152E-04  0.949684E-03 -0.117842E-04  0.103099E-02 -0.139001E+00  0.175300E-05
  0.954000E+01  0.195506E-04  0.951313E-03 -0.146682E-04  0.102023E-02 -0.205245E-01  0.175402E-05
  0.956000E+01  0.192287E-04  0.950521E-03 -0.175091E-04  0.102635E-02  0.980194E-01  0.175503E-05
  0.958000E+01  0.188506E-04  0.947312E-03 -0.202921E-04  0.104898E-02  0.215210E+00  0.175603E-05
  0.960000E+01  0.184176E-04  0.941700E-03 -0.230026E-04  0.108684E-02  0.329642E+00  0.175704E-05
  0.963000E+01  0.177298E-04  0.932001E-03 -0.228389E-04  0.108779E-02  0.293240E+00  0.175855E-05
  0.966000E+01  0.170476E-04  0.923343E-03 -0.226301E-04  0.108876E-02  0.256800E+00  0.176008E-05
  0.969000E+01  0.163723E-04  0.915761E-03 -0.223798E-04  0.108973E-02  0.220324E+00  0.176162E-05
  0.972000E+01  0.157051E-04  0.909283E-03 -0.220908E-04  0.109071E-02  0.183809E+00  0.176318E-05
  0.975000E+01  0.150471E-04  0.903937E-03 -0.217694E-04  0.109169E-02  0.147261E+00  0.176476E-05
  0.977000E+01  0.146140E-04  0.901013E-03 -0.215397E-04  0.109235E-02  0.122882E+00  0.176581E-05
  0.979000E+01  0.141856E-04  0.898609E-03 -0.213006E-04  0.109301E-02  0.984944E-01  0.176687E-05
  0.981000E+01  0.137620E-04  0.896729E-03 -0.210544E-04  0.109367E-02  0.740993E-01  0.176792E-05
  0.983000E+01  0.133434E-04  0.895378E-03 -0.208046E-04  0.109432E-02  0.496984E-01  0.176896E-05
  0.985000E+01  0.129298E-04  0.894557E-03 -0.205552E-04  0.109495E-02  0.252938E-01  0.176998E-05
  0.988000E+01  0.123184E-04  0.894327E-03 -0.201919E-04  0.109587E-02 -0.113171E-01  0.177147E-05
  0.991000E+01  0.117176E-04  0.895300E-03 -0.198529E-04  0.109675E-02 -0.479282E-01  0.177290E-05
  0.994000E+01  0.111264E-04  0.897475E-03 -0.195479E-04  0.109759E-02 -0.845363E-01  0.177427E-05
  0.997000E+01  0.105437E-04  0.900843E-03 -0.192855E-04  0.109837E-02 -0.121136E+00  0.177558E-05
  0.100000E+02  0.996811E-05  0.905394E-03 -0.190742E-04  0.109908E-02 -0.157726E+00  0.177679E-05
