  0.000000E+00  0.944089E-03  0.105151E-02  0.942174E-03  0.105362E-02  0.717521E+01  0.541970E+00
  0.200000E-01  0.948628E-03  0.102217E-02  0.946754E-03  0.102228E-02  0.717521E+01  0.541978E+00
  0.400000E-01  0.950854E-03  0.100781E-02  0.948954E-03  0.100908E-02  0.717520E+01  0.542004E+00
  0.600000E-01  0.950759E-03  0.100931E-02  0.948768E-03  0.101490E-02  0.717520E+01  0.542049E+00
  0.800000E-01  0.948349E-03  0.102690E-02  0.946201E-03  0.103918E-02  0.717520E+01  0.542112E+00
  0.100000E+00  0.943642E-03  0.105998E-02  0.941269E-03  0.108016E-02  0.717520E+01  0.542195E+00
  0.130000E+00  0.935529E-03  0.106309E-02  0.932663E-03  0.108982E-02  0.717519E+01  0.542359E+00
  0.160000E+00  0.928780E-03  0.106796E-02  0.925206E-03  0.110146E-02  0.717518E+01  0.542574E+00
  0.190000E+00  0.923491E-03  0.107461E-02  0.918963E-03  0.111488E-02  0.717518E+01  0.542843E+00
  0.220000E+00  0.919763E-03  0.108307E-02  0.914007E-03  0.112984E-02  0.717517E+01  0.543167E+00
  0.250000E+00  0.917700E-03  0.109337E-02  0.910413E-03  0.114605E-02  0.717517E+01  0.543547E+00
  0.270000E+00  0.917299E-03  0.110127E-02  0.908814E-03  0.115738E-02  0.717516E+01  0.543894E+00
  0.290000E+00  0.917714E-03  0.110998E-02  0.907879E-03  0.116901E-02  0.717516E+01  0.544341E+00
  0.310000E+00  0.918969E-03  0.111949E-02  0.907631E-03  0.118082E-02  0.717515E+01  0.544888E+00
  0.330000E+00  0.921088E-03  0.112974E-02  0.908092E-03  0.119271E-02  0.717514E+01  0.545533E+00
  0.350000E+00  0.924092E-03  0.114068E-02  0.909281E-03  0.120456E-02  0.717512E+01  0.546278E+00
  0.380000E+00  0.930285E-03  0.115823E-02  0.912461E-03  0.122205E-02  0.717509E+01  0.546874E+00
  0.410000E+00  0.938528E-03  0.117690E-02  0.917353E-03  0.123889E-02  0.717507E+01  0.547516E+00
  0.440000E+00  0.948823E-03  0.119633E-02  0.923977E-03  0.125471E-02  0.717504E+01  0.548198E+00
  0.470000E+00  0.961137E-03  0.121616E-02  0.932331E-03  0.126926E-02  0.717501E+01  0.548912E+00
  0.500000E+00  0.975413E-03  0.123607E-02  0.942385E-03  0.128229E-02  0.717499E+01  0.549647E+00
  0.520000E+00  0.984516E-03  0.119405E-02  0.948593E-03  0.127356E-02  0.717497E+01  0.550144E+00
  0.540000E+00  0.991480E-03  0.116673E-02  0.952672E-03  0.127643E-02  0.717495E+01  0.550646E+00
  0.560000E+00  0.996266E-03  0.115636E-02  0.954600E-03  0.129010E-02  0.717494E+01  0.551159E+00
  0.580000E+00  0.998849E-03  0.116357E-02  0.954365E-03  0.131338E-02  0.717492E+01  0.551686E+00
  0.600000E+00  0.999218E-03  0.118724E-02  0.951969E-03  0.134496E-02  0.717491E+01  0.552230E+00
  0.630000E+00  0.998993E-03  0.119545E-02  0.947562E-03  0.135521E-02  0.717488E+01  0.553086E+00
  0.660000E+00  0.100055E-02  0.120437E-02  0.944781E-03  0.136418E-02  0.717485E+01  0.553980E+00
  0.690000E+00  0.100389E-02  0.121405E-02  0.943646E-03  0.137176E-02  0.717482E+01  0.554905E+00
  0.720000E+00  0.100902E-02  0.122450E-02  0.944163E-03  0.137790E-02  0.717480E+01  0.555854E+00
  0.750000E+00  0.101592E-02  0.123568E-02  0.946322E-03  0.138259E-02  0.717477E+01  0.556817E+00
  0.770000E+00  0.102150E-02  0.124350E-02  0.948664E-03  0.138494E-02  0.717475E+01  0.557947E+00
  0.790000E+00  0.102786E-02  0.125161E-02  0.951714E-03  0.138668E-02  0.717473E+01  0.559164E+00
  0.810000E+00  0.103498E-02  0.125999E-02  0.955460E-03  0.138787E-02  0.717471E+01  0.560464E+00
  0.830000E+00  0.104285E-02  0.126857E-02  0.959886E-03  0.138854E-02  0.717468E+01  0.561844E+00
  0.850000E+00  0.105145E-02  0.127733E-02  0.964974E-03  0.138873E-02  0.717465E+01  0.563299E+00
  0.880000E+00  0.106571E-02  0.129072E-02  0.973803E-03  0.138816E-02  0.717460E+01  0.564244E+00
  0.910000E+00  0.108152E-02  0.130433E-02  0.984006E-03  0.138672E-02  0.717455E+01  0.565147E+00
  0.940000E+00  0.109882E-02  0.131802E-02  0.995508E-03  0.138455E-02  0.717450E+01  0.566001E+00
  0.970000E+00  0.111753E-02  0.133162E-02  0.100823E-02  0.138184E-02  0.717445E+01  0.566803E+00
  0.100000E+01  0.113758E-02  0.134495E-02  0.102210E-02  0.137872E-02  0.717440E+01  0.567550E+00
  0.102000E+01  0.114994E-02  0.127829E-02  0.103042E-02  0.133622E-02  0.717437E+01  0.568017E+00
  0.104000E+01  0.115938E-02  0.122916E-02  0.103610E-02  0.130360E-02  0.717434E+01  0.568464E+00
  0.106000E+01  0.116586E-02  0.120019E-02  0.103913E-02  0.128144E-02  0.717431E+01  0.568895E+00
  0.108000E+01  0.116936E-02  0.119248E-02  0.103950E-02  0.127041E-02  0.717428E+01  0.569318E+00
  0.110000E+01  0.116987E-02  0.120553E-02  0.103721E-02  0.127146E-02  0.717425E+01  0.569737E+00
  0.113000E+01  0.116898E-02  0.121018E-02  0.103233E-02  0.127173E-02  0.717420E+01  0.570367E+00
  0.116000E+01  0.116929E-02  0.121529E-02  0.102857E-02  0.127168E-02  0.717415E+01  0.570999E+00
  0.119000E+01  0.117083E-02  0.122094E-02  0.102599E-02  0.127137E-02  0.717410E+01  0.571628E+00
  0.122000E+01  0.117361E-02  0.122718E-02  0.102464E-02  0.127087E-02  0.717405E+01  0.572249E+00
  0.125000E+01  0.117768E-02  0.123402E-02  0.102456E-02  0.127023E-02  0.717400E+01  0.572856E+00
  0.127000E+01  0.118110E-02  0.123889E-02  0.102523E-02  0.126977E-02  0.717397E+01  0.574193E+00
  0.129000E+01  0.118509E-02  0.124398E-02  0.102650E-02  0.126930E-02  0.717394E+01  0.575598E+00
  0.131000E+01  0.118966E-02  0.124927E-02  0.102837E-02  0.126882E-02  0.717390E+01  0.577069E+00
  0.133000E+01  0.119480E-02  0.125472E-02  0.103085E-02  0.126835E-02  0.717386E+01  0.578605E+00
  0.135000E+01  0.120051E-02  0.126031E-02  0.103395E-02  0.126791E-02  0.717381E+01  0.580202E+00
  0.138000E+01  0.121015E-02  0.126883E-02  0.103975E-02  0.126728E-02  0.717374E+01  0.580716E+00
  0.141000E+01  0.122104E-02  0.127737E-02  0.104694E-02  0.126672E-02  0.717367E+01  0.581197E+00
  0.144000E+01  0.123317E-02  0.128580E-02  0.105552E-02  0.126621E-02  0.717360E+01  0.581644E+00
  0.147000E+01  0.124650E-02  0.129402E-02  0.106547E-02  0.126573E-02  0.717353E+01  0.582055E+00
  0.150000E+01  0.126101E-02  0.130195E-02  0.107676E-02  0.126527E-02  0.717346E+01  0.582432E+00
  0.152000E+01  0.126942E-02  0.123524E-02  0.108340E-02  0.120860E-02  0.717342E+01  0.582662E+00
  0.154000E+01  0.127452E-02  0.119170E-02  0.108736E-02  0.116852E-02  0.717337E+01  0.582879E+00
  0.156000E+01  0.127629E-02  0.117612E-02  0.108864E-02  0.114889E-02  0.717333E+01  0.583087E+00
  0.158000E+01  0.127473E-02  0.119094E-02  0.108723E-02  0.115237E-02  0.717328E+01  0.583290E+00
  0.160000E+01  0.126986E-02  0.123497E-02  0.108314E-02  0.117924E-02  0.717323E+01  0.583490E+00
  0.163000E+01  0.126066E-02  0.123551E-02  0.107568E-02  0.117905E-02  0.717316E+01  0.583799E+00
  0.166000E+01  0.125269E-02  0.123599E-02  0.106959E-02  0.117879E-02  0.717309E+01  0.584118E+00
  0.169000E+01  0.124599E-02  0.123655E-02  0.106491E-02  0.117854E-02  0.717302E+01  0.584448E+00
  0.172000E+01  0.124061E-02  0.123737E-02  0.106166E-02  0.117837E-02  0.717295E+01  0.584788E+00
  0.175000E+01  0.123659E-02  0.123861E-02  0.105985E-02  0.117835E-02  0.717288E+01  0.585136E+00
  0.177000E+01  0.123468E-02  0.123972E-02  0.105945E-02  0.117845E-02  0.717284E+01  0.586697E+00
  0.179000E+01  0.123340E-02  0.124107E-02  0.105968E-02  0.117864E-02  0.717279E+01  0.588330E+00
  0.181000E+01  0.123275E-02  0.124266E-02  0.106055E-02  0.117896E-02  0.717274E+01  0.590035E+00
  0.183000E+01  0.123273E-02  0.124448E-02  0.106205E-02  0.117939E-02  0.717268E+01  0.591811E+00
  0.185000E+01  0.123336E-02  0.124654E-02  0.106417E-02  0.117995E-02  0.717262E+01  0.593655E+00
  0.188000E+01  0.123551E-02  0.125010E-02  0.106850E-02  0.118102E-02  0.717253E+01  0.594024E+00
  0.191000E+01  0.123911E-02  0.125416E-02  0.107416E-02  0.118233E-02  0.717244E+01  0.594393E+00
  0.194000E+01  0.124414E-02  0.125866E-02  0.108113E-02  0.118385E-02  0.717235E+01  0.594762E+00
  0.197000E+01  0.125059E-02  0.126352E-02  0.108935E-02  0.118554E-02  0.717226E+01  0.595130E+00
  0.200000E+01  0.125843E-02  0.126865E-02  0.109878E-02  0.118736E-02  0.717217E+01  0.595494E+00
  0.202000E+01  0.126253E-02  0.124008E-02  0.110406E-02  0.116576E-02  0.717211E+01  0.595734E+00
  0.204000E+01  0.126344E-02  0.123947E-02  0.110653E-02  0.116450E-02  0.717205E+01  0.595971E+00
  0.206000E+01  0.126116E-02  0.126654E-02  0.110618E-02  0.118192E-02  0.717199E+01  0.596209E+00
  0.208000E+01  0.125569E-02  0.131807E-02  0.110300E-02  0.121565E-02  0.717193E+01  0.596451E+00
  0.210000E+01  0.124708E-02  0.138940E-02  0.109700E-02  0.126334E-02  0.717187E+01  0.596699E+00
  0.213000E+01  0.123255E-02  0.138574E-02  0.108646E-02  0.126704E-02  0.717178E+01  0.597088E+00
  0.216000E+01  0.121953E-02  0.138178E-02  0.107706E-02  0.127126E-02  0.717169E+01  0.597497E+00
  0.219000E+01  0.120809E-02  0.137776E-02  0.106883E-02  0.127597E-02  0.717160E+01  0.597923E+00
  0.222000E+01  0.119829E-02  0.137396E-02  0.106179E-02  0.128109E-02  0.717151E+01  0.598362E+00
  0.225000E+01  0.119020E-02  0.137066E-02  0.105596E-02  0.128654E-02  0.717142E+01  0.598813E+00
  0.227000E+01  0.118577E-02  0.136885E-02  0.105276E-02  0.129029E-02  0.717136E+01  0.600786E+00
  0.229000E+01  0.118212E-02  0.136743E-02  0.105011E-02  0.129408E-02  0.717129E+01  0.602829E+00
  0.231000E+01  0.117927E-02  0.136645E-02  0.104801E-02  0.129789E-02  0.717123E+01  0.604940E+00
  0.233000E+01  0.117723E-02  0.136595E-02  0.104648E-02  0.130167E-02  0.717116E+01  0.607117E+00
  0.235000E+01  0.117599E-02  0.136592E-02  0.104551E-02  0.130536E-02  0.717109E+01  0.609358E+00
  0.238000E+01  0.117565E-02  0.136676E-02  0.104513E-02  0.131068E-02  0.717098E+01  0.609830E+00
  0.241000E+01  0.117712E-02  0.136859E-02  0.104605E-02  0.131560E-02  0.717087E+01  0.610298E+00
  0.244000E+01  0.118040E-02  0.137130E-02  0.104827E-02  0.132003E-02  0.717075E+01  0.610757E+00
  0.247000E+01  0.118546E-02  0.137474E-02  0.105178E-02  0.132387E-02  0.717064E+01  0.611205E+00
  0.250000E+01  0.119226E-02  0.137873E-02  0.105660E-02  0.132705E-02  0.717053E+01  0.611639E+00
  0.252000E+01  0.119595E-02  0.136230E-02  0.105894E-02  0.131379E-02  0.717046E+01  0.611919E+00
  0.254000E+01  0.119680E-02  0.136572E-02  0.105868E-02  0.131256E-02  0.717039E+01  0.612192E+00
  0.256000E+01  0.119479E-02  0.138834E-02  0.105583E-02  0.132388E-02  0.717031E+01  0.612459E+00
  0.258000E+01  0.118994E-02  0.142837E-02  0.105039E-02  0.134804E-02  0.717024E+01  0.612722E+00
  0.260000E+01  0.118227E-02  0.148338E-02  0.104241E-02  0.138491E-02  0.717017E+01  0.612985E+00
  0.263000E+01  0.116955E-02  0.147996E-02  0.102928E-02  0.138866E-02  0.717006E+01  0.613383E+00
  0.266000E+01  0.115863E-02  0.147675E-02  0.101764E-02  0.139174E-02  0.716995E+01  0.613788E+00
  0.269000E+01  0.114957E-02  0.147402E-02  0.100759E-02  0.139413E-02  0.716983E+01  0.614200E+00
  0.272000E+01  0.114242E-02  0.147187E-02  0.999211E-03  0.139585E-02  0.716972E+01  0.614617E+00
  0.275000E+01  0.113722E-02  0.147045E-02  0.992574E-03  0.139695E-02  0.716961E+01  0.615037E+00
  0.277000E+01  0.113486E-02  0.146996E-02  0.989151E-03  0.139736E-02  0.716954E+01  0.617318E+00
  0.279000E+01  0.113339E-02  0.146988E-02  0.986549E-03  0.139751E-02  0.716946E+01  0.619661E+00
  0.281000E+01  0.113281E-02  0.147022E-02  0.984781E-03  0.139744E-02  0.716938E+01  0.622066E+00
  0.283000E+01  0.113313E-02  0.147098E-02  0.983858E-03  0.139718E-02  0.716930E+01  0.624531E+00
  0.285000E+01  0.113435E-02  0.147214E-02  0.983787E-03  0.139674E-02  0.716921E+01  0.627055E+00
  0.288000E+01  0.113783E-02  0.147463E-02  0.985287E-03  0.139583E-02  0.716908E+01  0.627486E+00
  0.291000E+01  0.114331E-02  0.147796E-02  0.988710E-03  0.139471E-02  0.716895E+01  0.627912E+00
  0.294000E+01  0.115074E-02  0.148207E-02  0.994037E-03  0.139347E-02  0.716881E+01  0.628331E+00
  0.297000E+01  0.116009E-02  0.148690E-02  0.100123E-02  0.139224E-02  0.716868E+01  0.628740E+00
  0.300000E+01  0.117130E-02  0.149227E-02  0.101025E-02  0.139113E-02  0.716855E+01  0.629138E+00
  0.302000E+01  0.117802E-02  0.145488E-02  0.101572E-02  0.135921E-02  0.716846E+01  0.629395E+00
  0.304000E+01  0.118200E-02  0.143334E-02  0.101892E-02  0.134019E-02  0.716837E+01  0.629648E+00
  0.306000E+01  0.118322E-02  0.142882E-02  0.101982E-02  0.133485E-02  0.716829E+01  0.629899E+00
  0.308000E+01  0.118168E-02  0.144158E-02  0.101841E-02  0.134330E-02  0.716820E+01  0.630151E+00
  0.310000E+01  0.117738E-02  0.147097E-02  0.101470E-02  0.136498E-02  0.716811E+01  0.630406E+00
  0.313000E+01  0.116982E-02  0.146960E-02  0.100828E-02  0.136641E-02  0.716798E+01  0.630801E+00
  0.316000E+01  0.116414E-02  0.146856E-02  0.100362E-02  0.136808E-02  0.716785E+01  0.631214E+00
  0.319000E+01  0.116042E-02  0.146805E-02  0.100072E-02  0.137003E-02  0.716772E+01  0.631641E+00
  0.322000E+01  0.115870E-02  0.146824E-02  0.999612E-03  0.137226E-02  0.716758E+01  0.632084E+00
  0.325000E+01  0.115901E-02  0.146927E-02  0.100029E-02  0.137475E-02  0.716745E+01  0.632540E+00
  0.327000E+01  0.116035E-02  0.147044E-02  0.100172E-02  0.137653E-02  0.716737E+01  0.635125E+00
  0.329000E+01  0.116261E-02  0.147201E-02  0.100394E-02  0.137839E-02  0.716728E+01  0.637767E+00
  0.331000E+01  0.116578E-02  0.147395E-02  0.100694E-02  0.138029E-02  0.716718E+01  0.640464E+00
  0.333000E+01  0.116986E-02  0.147625E-02  0.101071E-02  0.138223E-02  0.716709E+01  0.643214E+00
  0.335000E+01  0.117484E-02  0.147886E-02  0.101525E-02  0.138417E-02  0.716699E+01  0.646017E+00
  0.338000E+01  0.118398E-02  0.148332E-02  0.102344E-02  0.138705E-02  0.716683E+01  0.646488E+00
  0.341000E+01  0.119507E-02  0.148828E-02  0.103327E-02  0.138981E-02  0.716668E+01  0.646957E+00
  0.344000E+01  0.120806E-02  0.149365E-02  0.104469E-02  0.139235E-02  0.716653E+01  0.647419E+00
  0.347000E+01  0.122287E-02  0.149929E-02  0.105763E-02  0.139462E-02  0.716638E+01  0.647869E+00
  0.350000E+01  0.123943E-02  0.150501E-02  0.107202E-02  0.139659E-02  0.716622E+01  0.648304E+00
  0.352000E+01  0.124954E-02  0.144219E-02  0.108079E-02  0.135045E-02  0.716612E+01  0.648585E+00
  0.354000E+01  0.125662E-02  0.139778E-02  0.108691E-02  0.131737E-02  0.716602E+01  0.648859E+00
  0.356000E+01  0.126063E-02  0.137459E-02  0.109037E-02  0.129843E-02  0.716592E+01  0.649130E+00
  0.358000E+01  0.126155E-02  0.137413E-02  0.109114E-02  0.129428E-02  0.716582E+01  0.649399E+00
  0.360000E+01  0.125939E-02  0.139615E-02  0.108923E-02  0.130519E-02  0.716573E+01  0.649670E+00
  0.363000E+01  0.125462E-02  0.139535E-02  0.108503E-02  0.130806E-02  0.716557E+01  0.650085E+00
  0.366000E+01  0.125146E-02  0.139496E-02  0.108219E-02  0.131084E-02  0.716542E+01  0.650510E+00
  0.369000E+01  0.124992E-02  0.139504E-02  0.108074E-02  0.131350E-02  0.716527E+01  0.650943E+00
  0.372000E+01  0.125002E-02  0.139566E-02  0.108070E-02  0.131600E-02  0.716512E+01  0.651379E+00
  0.375000E+01  0.125177E-02  0.139682E-02  0.108209E-02  0.131834E-02  0.716497E+01  0.651816E+00
  0.377000E+01  0.125385E-02  0.139790E-02  0.108382E-02  0.131979E-02  0.716487E+01  0.654610E+00
  0.379000E+01  0.125665E-02  0.139922E-02  0.108618E-02  0.132115E-02  0.716476E+01  0.657449E+00
  0.381000E+01  0.126018E-02  0.140073E-02  0.108919E-02  0.132242E-02  0.716466E+01  0.660334E+00
  0.383000E+01  0.126443E-02  0.140241E-02  0.109283E-02  0.132360E-02  0.716455E+01  0.663261E+00
  0.385000E+01  0.126939E-02  0.140423E-02  0.109711E-02  0.132470E-02  0.716443E+01  0.666230E+00
  0.388000E+01  0.127813E-02  0.140722E-02  0.110470E-02  0.132621E-02  0.716426E+01  0.666620E+00
  0.391000E+01  0.128842E-02  0.141043E-02  0.111369E-02  0.132756E-02  0.716409E+01  0.666995E+00
  0.394000E+01  0.130020E-02  0.141378E-02  0.112405E-02  0.132880E-02  0.716392E+01  0.667354E+00
  0.397000E+01  0.131344E-02  0.141718E-02  0.113574E-02  0.132993E-02  0.716374E+01  0.667693E+00
  0.400000E+01  0.132808E-02  0.142058E-02  0.114873E-02  0.133097E-02  0.716357E+01  0.668013E+00
  0.402000E+01  0.133659E-02  0.136389E-02  0.115637E-02  0.128044E-02  0.716346E+01  0.668215E+00
  0.404000E+01  0.134168E-02  0.133204E-02  0.116109E-02  0.124756E-02  0.716334E+01  0.668408E+00
  0.406000E+01  0.134332E-02  0.132707E-02  0.116287E-02  0.123439E-02  0.716323E+01  0.668596E+00
  0.408000E+01  0.134151E-02  0.134877E-02  0.116171E-02  0.124196E-02  0.716312E+01  0.668782E+00
  0.410000E+01  0.133625E-02  0.139491E-02  0.115761E-02  0.127001E-02  0.716300E+01  0.668967E+00
  0.413000E+01  0.132647E-02  0.139374E-02  0.114991E-02  0.127167E-02  0.716283E+01  0.669250E+00
  0.416000E+01  0.131804E-02  0.139264E-02  0.114351E-02  0.127322E-02  0.716266E+01  0.669539E+00
  0.419000E+01  0.131102E-02  0.139167E-02  0.113843E-02  0.127468E-02  0.716249E+01  0.669834E+00
  0.422000E+01  0.130543E-02  0.139087E-02  0.113472E-02  0.127604E-02  0.716231E+01  0.670131E+00
  0.425000E+01  0.130129E-02  0.139033E-02  0.113240E-02  0.127733E-02  0.716214E+01  0.670430E+00
  0.427000E+01  0.129935E-02  0.139014E-02  0.113162E-02  0.127816E-02  0.716203E+01  0.673344E+00
  0.429000E+01  0.129807E-02  0.139007E-02  0.113148E-02  0.127897E-02  0.716191E+01  0.676303E+00
  0.431000E+01  0.129745E-02  0.139014E-02  0.113195E-02  0.127978E-02  0.716179E+01  0.679307E+00
  0.433000E+01  0.129749E-02  0.139034E-02  0.113306E-02  0.128057E-02  0.716167E+01  0.682354E+00
  0.435000E+01  0.129819E-02  0.139067E-02  0.113479E-02  0.128137E-02  0.716154E+01  0.685443E+00
  0.438000E+01  0.130049E-02  0.139138E-02  0.113855E-02  0.128257E-02  0.716135E+01  0.685724E+00
  0.441000E+01  0.130426E-02  0.139235E-02  0.114370E-02  0.128375E-02  0.716116E+01  0.686000E+00
  0.444000E+01  0.130949E-02  0.139354E-02  0.115021E-02  0.128490E-02  0.716096E+01  0.686270E+00
  0.447000E+01  0.131617E-02  0.139489E-02  0.115806E-02  0.128601E-02  0.716077E+01  0.686531E+00
  0.450000E+01  0.132426E-02  0.139638E-02  0.116721E-02  0.128707E-02  0.716058E+01  0.686783E+00
  0.452000E+01  0.132844E-02  0.137214E-02  0.117227E-02  0.125827E-02  0.716045E+01  0.686945E+00
  0.454000E+01  0.132925E-02  0.137205E-02  0.117436E-02  0.124958E-02  0.716032E+01  0.687102E+00
  0.456000E+01  0.132667E-02  0.139569E-02  0.117348E-02  0.126100E-02  0.716020E+01  0.687257E+00
  0.458000E+01  0.132073E-02  0.144133E-02  0.116964E-02  0.129142E-02  0.716007E+01  0.687412E+00
  0.460000E+01  0.131145E-02  0.150629E-02  0.116284E-02  0.133897E-02  0.715994E+01  0.687570E+00
  0.463000E+01  0.129577E-02  0.150529E-02  0.115108E-02  0.133996E-02  0.715975E+01  0.687820E+00
  0.466000E+01  0.128158E-02  0.150434E-02  0.114064E-02  0.134096E-02  0.715955E+01  0.688087E+00
  0.469000E+01  0.126894E-02  0.150347E-02  0.113156E-02  0.134204E-02  0.715936E+01  0.688371E+00
  0.472000E+01  0.125789E-02  0.150270E-02  0.112387E-02  0.134325E-02  0.715917E+01  0.688671E+00
  0.475000E+01  0.124850E-02  0.150208E-02  0.111760E-02  0.134468E-02  0.715898E+01  0.688987E+00
  0.477000E+01  0.124317E-02  0.150178E-02  0.111424E-02  0.134577E-02  0.715885E+01  0.692117E+00
  0.479000E+01  0.123861E-02  0.150159E-02  0.111152E-02  0.134698E-02  0.715872E+01  0.695295E+00
  0.481000E+01  0.123481E-02  0.150150E-02  0.110946E-02  0.134831E-02  0.715858E+01  0.698520E+00
  0.483000E+01  0.123179E-02  0.150152E-02  0.110806E-02  0.134975E-02  0.715845E+01  0.701791E+00
  0.485000E+01  0.122955E-02  0.150165E-02  0.110732E-02  0.135131E-02  0.715831E+01  0.705105E+00
  0.488000E+01  0.122767E-02  0.150204E-02  0.110747E-02  0.135381E-02  0.715809E+01  0.705453E+00
  0.491000E+01  0.122757E-02  0.150265E-02  0.110910E-02  0.135644E-02  0.715788E+01  0.705806E+00
  0.494000E+01  0.122925E-02  0.150347E-02  0.111223E-02  0.135914E-02  0.715767E+01  0.706160E+00
  0.497000E+01  0.123270E-02  0.150448E-02  0.111682E-02  0.136183E-02  0.715745E+01  0.706513E+00
  0.500000E+01  0.123792E-02  0.150566E-02  0.112287E-02  0.136444E-02  0.715724E+01  0.706863E+00
  0.502000E+01  0.124050E-02  0.149289E-02  0.112601E-02  0.134732E-02  0.715710E+01  0.707094E+00
  0.504000E+01  0.124014E-02  0.149797E-02  0.112641E-02  0.134504E-02  0.715696E+01  0.707322E+00
  0.506000E+01  0.123682E-02  0.152058E-02  0.112405E-02  0.135778E-02  0.715682E+01  0.707552E+00
  0.508000E+01  0.123057E-02  0.155968E-02  0.111896E-02  0.138530E-02  0.715668E+01  0.707786E+00
  0.510000E+01  0.122142E-02  0.161361E-02  0.111116E-02  0.142687E-02  0.715654E+01  0.708026E+00
  0.513000E+01  0.120645E-02  0.161312E-02  0.109821E-02  0.142970E-02  0.715632E+01  0.708406E+00
  0.516000E+01  0.119338E-02  0.161267E-02  0.108682E-02  0.143265E-02  0.715611E+01  0.708814E+00
  0.519000E+01  0.118227E-02  0.161230E-02  0.107708E-02  0.143573E-02  0.715590E+01  0.709249E+00
  0.522000E+01  0.117319E-02  0.161209E-02  0.106904E-02  0.143892E-02  0.715568E+01  0.709709E+00
  0.525000E+01  0.116619E-02  0.161209E-02  0.106276E-02  0.144221E-02  0.715547E+01  0.710193E+00
  0.527000E+01  0.116271E-02  0.161224E-02  0.105958E-02  0.144445E-02  0.715533E+01  0.713611E+00
  0.529000E+01  0.116018E-02  0.161255E-02  0.105723E-02  0.144672E-02  0.715519E+01  0.717076E+00
  0.531000E+01  0.115863E-02  0.161307E-02  0.105570E-02  0.144901E-02  0.715504E+01  0.720586E+00
  0.533000E+01  0.115806E-02  0.161385E-02  0.105501E-02  0.145134E-02  0.715489E+01  0.724141E+00
  0.535000E+01  0.115847E-02  0.161491E-02  0.105517E-02  0.145367E-02  0.715474E+01  0.727738E+00
  0.538000E+01  0.116094E-02  0.161701E-02  0.105700E-02  0.145721E-02  0.715450E+01  0.728280E+00
  0.541000E+01  0.116563E-02  0.161969E-02  0.106073E-02  0.146071E-02  0.715427E+01  0.728832E+00
  0.544000E+01  0.117252E-02  0.162294E-02  0.106636E-02  0.146413E-02  0.715404E+01  0.729392E+00
  0.547000E+01  0.118158E-02  0.162670E-02  0.107386E-02  0.146742E-02  0.715380E+01  0.729956E+00
  0.550000E+01  0.119278E-02  0.163083E-02  0.108320E-02  0.147048E-02  0.715357E+01  0.730520E+00
  0.552000E+01  0.119960E-02  0.159530E-02  0.108879E-02  0.143994E-02  0.715341E+01  0.730893E+00
  0.554000E+01  0.120374E-02  0.157437E-02  0.109190E-02  0.142271E-02  0.715326E+01  0.731265E+00
  0.556000E+01  0.120516E-02  0.156904E-02  0.109251E-02  0.141963E-02  0.715311E+01  0.731639E+00
  0.558000E+01  0.120387E-02  0.157959E-02  0.109063E-02  0.143096E-02  0.715296E+01  0.732019E+00
  0.560000E+01  0.119986E-02  0.160559E-02  0.108625E-02  0.145633E-02  0.715280E+01  0.732407E+00
  0.563000E+01  0.119287E-02  0.160698E-02  0.107874E-02  0.146031E-02  0.715257E+01  0.733017E+00
  0.566000E+01  0.118798E-02  0.160865E-02  0.107308E-02  0.146431E-02  0.715234E+01  0.733661E+00
  0.569000E+01  0.118523E-02  0.161070E-02  0.106930E-02  0.146821E-02  0.715210E+01  0.734337E+00
  0.572000E+01  0.118463E-02  0.161321E-02  0.106743E-02  0.147195E-02  0.715187E+01  0.735039E+00
  0.575000E+01  0.118620E-02  0.161617E-02  0.106750E-02  0.147544E-02  0.715164E+01  0.735765E+00
  0.577000E+01  0.118844E-02  0.161838E-02  0.106862E-02  0.147760E-02  0.715148E+01  0.739483E+00
  0.579000E+01  0.119164E-02  0.162076E-02  0.107060E-02  0.147964E-02  0.715133E+01  0.743242E+00
  0.581000E+01  0.119578E-02  0.162327E-02  0.107344E-02  0.148155E-02  0.715117E+01  0.747041E+00
  0.583000E+01  0.120086E-02  0.162591E-02  0.107713E-02  0.148333E-02  0.715101E+01  0.750877E+00
  0.585000E+01  0.120687E-02  0.162866E-02  0.108165E-02  0.148497E-02  0.715084E+01  0.754748E+00
  0.588000E+01  0.121757E-02  0.163292E-02  0.108999E-02  0.148720E-02  0.715059E+01  0.755495E+00
  0.591000E+01  0.123027E-02  0.163721E-02  0.110015E-02  0.148919E-02  0.715033E+01  0.756233E+00
  0.594000E+01  0.124489E-02  0.164144E-02  0.111207E-02  0.149097E-02  0.715008E+01  0.756955E+00
  0.597000E+01  0.126135E-02  0.164557E-02  0.112569E-02  0.149256E-02  0.714982E+01  0.757652E+00
  0.600000E+01  0.127958E-02  0.164954E-02  0.114095E-02  0.149399E-02  0.714957E+01  0.758319E+00
  0.602000E+01  0.129075E-02  0.158569E-02  0.115027E-02  0.144682E-02  0.714940E+01  0.758744E+00
  0.604000E+01  0.129877E-02  0.153928E-02  0.115683E-02  0.141413E-02  0.714924E+01  0.759154E+00
  0.606000E+01  0.130361E-02  0.151268E-02  0.116057E-02  0.139688E-02  0.714907E+01  0.759555E+00
  0.608000E+01  0.130524E-02  0.150734E-02  0.116149E-02  0.139542E-02  0.714890E+01  0.759949E+00
  0.610000E+01  0.130365E-02  0.152340E-02  0.115959E-02  0.140955E-02  0.714874E+01  0.760342E+00
  0.613000E+01  0.129966E-02  0.152579E-02  0.115536E-02  0.141125E-02  0.714848E+01  0.760938E+00
  0.616000E+01  0.129728E-02  0.152819E-02  0.115264E-02  0.141269E-02  0.714823E+01  0.761541E+00
  0.619000E+01  0.129652E-02  0.153062E-02  0.115145E-02  0.141390E-02  0.714798E+01  0.762146E+00
  0.622000E+01  0.129740E-02  0.153310E-02  0.115180E-02  0.141493E-02  0.714772E+01  0.762751E+00
  0.625000E+01  0.129991E-02  0.153568E-02  0.115370E-02  0.141582E-02  0.714747E+01  0.763350E+00
  0.627000E+01  0.130249E-02  0.153743E-02  0.115582E-02  0.141637E-02  0.714730E+01  0.767098E+00
  0.629000E+01  0.130580E-02  0.153923E-02  0.115863E-02  0.141689E-02  0.714713E+01  0.770874E+00
  0.631000E+01  0.130982E-02  0.154106E-02  0.116212E-02  0.141740E-02  0.714696E+01  0.774676E+00
  0.633000E+01  0.131456E-02  0.154295E-02  0.116629E-02  0.141790E-02  0.714678E+01  0.778503E+00
  0.635000E+01  0.131999E-02  0.154488E-02  0.117113E-02  0.141841E-02  0.714660E+01  0.782351E+00
  0.638000E+01  0.132945E-02  0.154783E-02  0.117963E-02  0.141921E-02  0.714633E+01  0.782860E+00
  0.641000E+01  0.134044E-02  0.155076E-02  0.118960E-02  0.142004E-02  0.714605E+01  0.783340E+00
  0.644000E+01  0.135291E-02  0.155364E-02  0.120100E-02  0.142089E-02  0.714578E+01  0.783788E+00
  0.647000E+01  0.136684E-02  0.155643E-02  0.121380E-02  0.142173E-02  0.714550E+01  0.784200E+00
  0.650000E+01  0.138216E-02  0.155902E-02  0.122795E-02  0.142257E-02  0.714523E+01  0.784576E+00
  0.652000E+01  0.139105E-02  0.149898E-02  0.123627E-02  0.136714E-02  0.714505E+01  0.784805E+00
  0.654000E+01  0.139636E-02  0.146233E-02  0.124146E-02  0.132937E-02  0.714487E+01  0.785019E+00
  0.656000E+01  0.139807E-02  0.145153E-02  0.124348E-02  0.131138E-02  0.714469E+01  0.785222E+00
  0.658000E+01  0.139617E-02  0.146741E-02  0.124235E-02  0.131460E-02  0.714451E+01  0.785417E+00
  0.660000E+01  0.139068E-02  0.150891E-02  0.123805E-02  0.133942E-02  0.714433E+01  0.785609E+00
  0.663000E+01  0.138043E-02  0.150986E-02  0.122991E-02  0.133999E-02  0.714405E+01  0.785897E+00
  0.666000E+01  0.137158E-02  0.151077E-02  0.122310E-02  0.134055E-02  0.714378E+01  0.786188E+00
  0.669000E+01  0.136416E-02  0.151167E-02  0.121768E-02  0.134113E-02  0.714351E+01  0.786480E+00
  0.672000E+01  0.135821E-02  0.151258E-02  0.121365E-02  0.134174E-02  0.714323E+01  0.786770E+00
  0.675000E+01  0.135377E-02  0.151353E-02  0.121106E-02  0.134240E-02  0.714296E+01  0.787054E+00
  0.677000E+01  0.135165E-02  0.151418E-02  0.121013E-02  0.134288E-02  0.714278E+01  0.790738E+00
  0.679000E+01  0.135022E-02  0.151487E-02  0.120985E-02  0.134340E-02  0.714259E+01  0.794451E+00
  0.681000E+01  0.134948E-02  0.151558E-02  0.121022E-02  0.134395E-02  0.714241E+01  0.798192E+00
  0.683000E+01  0.134942E-02  0.151632E-02  0.121124E-02  0.134454E-02  0.714222E+01  0.801961E+00
  0.685000E+01  0.135007E-02  0.151708E-02  0.121290E-02  0.134516E-02  0.714202E+01  0.805757E+00
  0.688000E+01  0.135233E-02  0.151823E-02  0.121662E-02  0.134613E-02  0.714173E+01  0.805990E+00
  0.691000E+01  0.135616E-02  0.151938E-02  0.122178E-02  0.134715E-02  0.714143E+01  0.806210E+00
  0.694000E+01  0.136153E-02  0.152051E-02  0.122836E-02  0.134818E-02  0.714114E+01  0.806417E+00
  0.697000E+01  0.136843E-02  0.152164E-02  0.123634E-02  0.134922E-02  0.714084E+01  0.806610E+00
  0.700000E+01  0.137683E-02  0.152278E-02  0.124569E-02  0.135025E-02  0.714055E+01  0.806789E+00
  0.702000E+01  0.138119E-02  0.149290E-02  0.125080E-02  0.131479E-02  0.714035E+01  0.806901E+00
  0.704000E+01  0.138205E-02  0.148846E-02  0.125273E-02  0.130198E-02  0.714016E+01  0.807007E+00
  0.706000E+01  0.137942E-02  0.150971E-02  0.125149E-02  0.131260E-02  0.713997E+01  0.807111E+00
  0.708000E+01  0.137330E-02  0.155504E-02  0.124708E-02  0.134576E-02  0.713977E+01  0.807215E+00
  0.710000E+01  0.136373E-02  0.162148E-02  0.123951E-02  0.139924E-02  0.713958E+01  0.807319E+00
  0.713000E+01  0.134758E-02  0.162103E-02  0.122649E-02  0.140012E-02  0.713928E+01  0.807483E+00
  0.716000E+01  0.133303E-02  0.162040E-02  0.121485E-02  0.140119E-02  0.713899E+01  0.807659E+00
  0.719000E+01  0.132014E-02  0.161961E-02  0.120465E-02  0.140246E-02  0.713869E+01  0.807843E+00
  0.722000E+01  0.130898E-02  0.161874E-02  0.119591E-02  0.140393E-02  0.713840E+01  0.808037E+00
  0.725000E+01  0.129959E-02  0.161785E-02  0.118868E-02  0.140558E-02  0.713810E+01  0.808238E+00
  0.727000E+01  0.129433E-02  0.161731E-02  0.118470E-02  0.140677E-02  0.713791E+01  0.812016E+00
  0.729000E+01  0.128989E-02  0.161681E-02  0.118140E-02  0.140800E-02  0.713771E+01  0.815828E+00
  0.731000E+01  0.128628E-02  0.161638E-02  0.117880E-02  0.140928E-02  0.713751E+01  0.819671E+00
  0.733000E+01  0.128350E-02  0.161601E-02  0.117689E-02  0.141057E-02  0.713731E+01  0.823545E+00
  0.735000E+01  0.128156E-02  0.161572E-02  0.117568E-02  0.141188E-02  0.713710E+01  0.827450E+00
  0.738000E+01  0.128022E-02  0.161546E-02  0.117517E-02  0.141385E-02  0.713678E+01  0.827654E+00
  0.741000E+01  0.128078E-02  0.161543E-02  0.117622E-02  0.141580E-02  0.713647E+01  0.827857E+00
  0.744000E+01  0.128322E-02  0.161557E-02  0.117884E-02  0.141769E-02  0.713615E+01  0.828057E+00
  0.747000E+01  0.128752E-02  0.161584E-02  0.118300E-02  0.141951E-02  0.713584E+01  0.828253E+00
  0.750000E+01  0.129366E-02  0.161623E-02  0.118868E-02  0.142123E-02  0.713552E+01  0.828442E+00
  0.752000E+01  0.129681E-02  0.159847E-02  0.119151E-02  0.140873E-02  0.713532E+01  0.828563E+00
  0.754000E+01  0.129687E-02  0.159969E-02  0.119142E-02  0.141321E-02  0.713511E+01  0.828682E+00
  0.756000E+01  0.129382E-02  0.161974E-02  0.118842E-02  0.143425E-02  0.713490E+01  0.828800E+00
  0.758000E+01  0.128769E-02  0.165757E-02  0.118252E-02  0.147086E-02  0.713469E+01  0.828919E+00
  0.760000E+01  0.127851E-02  0.171148E-02  0.117373E-02  0.152172E-02  0.713449E+01  0.829041E+00
  0.763000E+01  0.126341E-02  0.171004E-02  0.115920E-02  0.152393E-02  0.713417E+01  0.829233E+00
  0.766000E+01  0.125025E-02  0.170867E-02  0.114628E-02  0.152622E-02  0.713385E+01  0.829438E+00
  0.769000E+01  0.123908E-02  0.170744E-02  0.113502E-02  0.152861E-02  0.713354E+01  0.829655E+00
  0.772000E+01  0.122998E-02  0.170646E-02  0.112548E-02  0.153106E-02  0.713322E+01  0.829884E+00
  0.775000E+01  0.122299E-02  0.170574E-02  0.111771E-02  0.153352E-02  0.713291E+01  0.830122E+00
  0.777000E+01  0.121952E-02  0.170543E-02  0.111353E-02  0.153514E-02  0.713270E+01  0.834053E+00
  0.779000E+01  0.121701E-02  0.170524E-02  0.111017E-02  0.153674E-02  0.713249E+01  0.838017E+00
  0.781000E+01  0.121547E-02  0.170516E-02  0.110763E-02  0.153830E-02  0.713227E+01  0.842011E+00
  0.783000E+01  0.121491E-02  0.170521E-02  0.110592E-02  0.153980E-02  0.713206E+01  0.846036E+00
  0.785000E+01  0.121533E-02  0.170539E-02  0.110505E-02  0.154125E-02  0.713184E+01  0.850089E+00
  0.788000E+01  0.121778E-02  0.170580E-02  0.110532E-02  0.154332E-02  0.713150E+01  0.850337E+00
  0.791000E+01  0.122241E-02  0.170641E-02  0.110749E-02  0.154522E-02  0.713116E+01  0.850583E+00
  0.794000E+01  0.122920E-02  0.170714E-02  0.111156E-02  0.154695E-02  0.713083E+01  0.850823E+00
  0.797000E+01  0.123810E-02  0.170792E-02  0.111753E-02  0.154847E-02  0.713049E+01  0.851055E+00
  0.800000E+01  0.124908E-02  0.170870E-02  0.112537E-02  0.154980E-02  0.713016E+01  0.851277E+00
  0.802000E+01  0.125564E-02  0.167000E-02  0.112994E-02  0.152281E-02  0.712993E+01  0.851419E+00
  0.804000E+01  0.125932E-02  0.164727E-02  0.113192E-02  0.150884E-02  0.712971E+01  0.851556E+00
  0.806000E+01  0.126009E-02  0.164166E-02  0.113133E-02  0.150870E-02  0.712949E+01  0.851691E+00
  0.808000E+01  0.125796E-02  0.165355E-02  0.112816E-02  0.152272E-02  0.712927E+01  0.851826E+00
  0.810000E+01  0.125293E-02  0.168245E-02  0.112243E-02  0.155066E-02  0.712905E+01  0.851962E+00
  0.813000E+01  0.124425E-02  0.168182E-02  0.111291E-02  0.155236E-02  0.712871E+01  0.852175E+00
  0.816000E+01  0.123763E-02  0.168122E-02  0.110535E-02  0.155408E-02  0.712838E+01  0.852398E+00
  0.819000E+01  0.123310E-02  0.168069E-02  0.109981E-02  0.155583E-02  0.712804E+01  0.852629E+00
  0.822000E+01  0.123070E-02  0.168032E-02  0.109635E-02  0.155760E-02  0.712771E+01  0.852868E+00
  0.825000E+01  0.123045E-02  0.168012E-02  0.109499E-02  0.155939E-02  0.712737E+01  0.853112E+00
  0.827000E+01  0.123147E-02  0.168008E-02  0.109527E-02  0.156059E-02  0.712715E+01  0.857160E+00
  0.829000E+01  0.123344E-02  0.168012E-02  0.109649E-02  0.156180E-02  0.712692E+01  0.861235E+00
  0.831000E+01  0.123636E-02  0.168022E-02  0.109865E-02  0.156301E-02  0.712670E+01  0.865339E+00
  0.833000E+01  0.124022E-02  0.168042E-02  0.110176E-02  0.156420E-02  0.712647E+01  0.869468E+00
  0.835000E+01  0.124500E-02  0.168070E-02  0.110580E-02  0.156535E-02  0.712623E+01  0.873623E+00
  0.838000E+01  0.125390E-02  0.168128E-02  0.111360E-02  0.156700E-02  0.712588E+01  0.873858E+00
  0.841000E+01  0.126482E-02  0.168206E-02  0.112343E-02  0.156855E-02  0.712552E+01  0.874087E+00
  0.844000E+01  0.127770E-02  0.168304E-02  0.113524E-02  0.156998E-02  0.712516E+01  0.874307E+00
  0.847000E+01  0.129248E-02  0.168417E-02  0.114896E-02  0.157128E-02  0.712481E+01  0.874518E+00
  0.850000E+01  0.130909E-02  0.168539E-02  0.116453E-02  0.157244E-02  0.712445E+01  0.874717E+00
  0.852000E+01  0.131917E-02  0.162578E-02  0.117414E-02  0.152102E-02  0.712422E+01  0.874843E+00
  0.854000E+01  0.132606E-02  0.158434E-02  0.118099E-02  0.148430E-02  0.712398E+01  0.874965E+00
  0.856000E+01  0.132973E-02  0.156310E-02  0.118505E-02  0.146371E-02  0.712375E+01  0.875084E+00
  0.858000E+01  0.133015E-02  0.156308E-02  0.118629E-02  0.145995E-02  0.712351E+01  0.875202E+00
  0.860000E+01  0.132733E-02  0.158410E-02  0.118471E-02  0.147295E-02  0.712328E+01  0.875320E+00
  0.863000E+01  0.132153E-02  0.158393E-02  0.118105E-02  0.147435E-02  0.712292E+01  0.875500E+00
  0.866000E+01  0.131744E-02  0.158382E-02  0.117906E-02  0.147583E-02  0.712257E+01  0.875684E+00
  0.869000E+01  0.131508E-02  0.158381E-02  0.117876E-02  0.147739E-02  0.712221E+01  0.875869E+00
  0.872000E+01  0.131447E-02  0.158394E-02  0.118013E-02  0.147906E-02  0.712186E+01  0.876055E+00
  0.875000E+01  0.131562E-02  0.158422E-02  0.118317E-02  0.148082E-02  0.712150E+01  0.876238E+00
  0.877000E+01  0.131736E-02  0.158451E-02  0.118612E-02  0.148203E-02  0.712127E+01  0.880350E+00
  0.879000E+01  0.131987E-02  0.158489E-02  0.118980E-02  0.148326E-02  0.712103E+01  0.884486E+00
  0.881000E+01  0.132315E-02  0.158535E-02  0.119420E-02  0.148448E-02  0.712079E+01  0.888645E+00
  0.883000E+01  0.132720E-02  0.158587E-02  0.119932E-02  0.148569E-02  0.712054E+01  0.892826E+00
  0.885000E+01  0.133200E-02  0.158646E-02  0.120514E-02  0.148687E-02  0.712030E+01  0.897028E+00
  0.888000E+01  0.134061E-02  0.158749E-02  0.121517E-02  0.148856E-02  0.711992E+01  0.897170E+00
  0.891000E+01  0.135087E-02  0.158865E-02  0.122672E-02  0.149012E-02  0.711954E+01  0.897299E+00
  0.894000E+01  0.136276E-02  0.158992E-02  0.123974E-02  0.149152E-02  0.711917E+01  0.897414E+00
  0.897000E+01  0.137621E-02  0.159126E-02  0.125419E-02  0.149276E-02  0.711879E+01  0.897514E+00
  0.900000E+01  0.139120E-02  0.159262E-02  0.127002E-02  0.149386E-02  0.711842E+01  0.897598E+00
  0.902000E+01  0.139992E-02  0.153461E-02  0.127940E-02  0.143528E-02  0.711817E+01  0.897646E+00
  0.904000E+01  0.140510E-02  0.149937E-02  0.128553E-02  0.139489E-02  0.711792E+01  0.897689E+00
  0.906000E+01  0.140670E-02  0.148904E-02  0.128837E-02  0.137453E-02  0.711767E+01  0.897728E+00
  0.908000E+01  0.140472E-02  0.150428E-02  0.128791E-02  0.137538E-02  0.711743E+01  0.897765E+00
  0.910000E+01  0.139918E-02  0.154409E-02  0.128416E-02  0.139776E-02  0.711718E+01  0.897801E+00
  0.913000E+01  0.138894E-02  0.154394E-02  0.127672E-02  0.139894E-02  0.711680E+01  0.897855E+00
  0.916000E+01  0.138021E-02  0.154376E-02  0.127062E-02  0.140012E-02  0.711643E+01  0.897909E+00
  0.919000E+01  0.137303E-02  0.154360E-02  0.126587E-02  0.140131E-02  0.711605E+01  0.897962E+00
  0.922000E+01  0.136743E-02  0.154348E-02  0.126251E-02  0.140251E-02  0.711568E+01  0.898013E+00
  0.925000E+01  0.136342E-02  0.154344E-02  0.126056E-02  0.140372E-02  0.711531E+01  0.898062E+00
  0.927000E+01  0.136166E-02  0.154347E-02  0.126005E-02  0.140453E-02  0.711506E+01  0.902196E+00
  0.929000E+01  0.136061E-02  0.154357E-02  0.126018E-02  0.140534E-02  0.711480E+01  0.906355E+00
  0.931000E+01  0.136029E-02  0.154372E-02  0.126095E-02  0.140615E-02  0.711455E+01  0.910538E+00
  0.933000E+01  0.136070E-02  0.154392E-02  0.126236E-02  0.140697E-02  0.711429E+01  0.914745E+00
  0.935000E+01  0.136184E-02  0.154416E-02  0.126442E-02  0.140780E-02  0.711403E+01  0.918975E+00
  0.938000E+01  0.136490E-02  0.154457E-02  0.126870E-02  0.140907E-02  0.711364E+01  0.919006E+00
  0.941000E+01  0.136959E-02  0.154501E-02  0.127443E-02  0.141035E-02  0.711324E+01  0.919034E+00
  0.944000E+01  0.137589E-02  0.154548E-02  0.128159E-02  0.141163E-02  0.711285E+01  0.919060E+00
  0.947000E+01  0.138377E-02  0.154598E-02  0.129016E-02  0.141288E-02  0.711245E+01  0.919083E+00
  0.950000E+01  0.139322E-02  0.154647E-02  0.130012E-02  0.141410E-02  0.711206E+01  0.919104E+00
  0.952000E+01  0.139827E-02  0.151321E-02  0.130557E-02  0.137454E-02  0.711180E+01  0.919116E+00
  0.954000E+01  0.139980E-02  0.150454E-02  0.130770E-02  0.135832E-02  0.711153E+01  0.919128E+00
  0.956000E+01  0.139780E-02  0.152088E-02  0.130651E-02  0.136677E-02  0.711127E+01  0.919140E+00
  0.958000E+01  0.139228E-02  0.156105E-02  0.130200E-02  0.139945E-02  0.711101E+01  0.919154E+00
  0.960000E+01  0.138327E-02  0.162257E-02  0.129420E-02  0.145427E-02  0.711075E+01  0.919170E+00
  0.963000E+01  0.136793E-02  0.162244E-02  0.128076E-02  0.145540E-02  0.711036E+01  0.919199E+00
  0.966000E+01  0.135421E-02  0.162231E-02  0.126877E-02  0.145656E-02  0.710996E+01  0.919237E+00
  0.969000E+01  0.134216E-02  0.162219E-02  0.125829E-02  0.145779E-02  0.710957E+01  0.919284E+00
  0.972000E+01  0.133182E-02  0.162208E-02  0.124936E-02  0.145909E-02  0.710917E+01  0.919339E+00
  0.975000E+01  0.132323E-02  0.162203E-02  0.124202E-02  0.146049E-02  0.710877E+01  0.919402E+00
  0.977000E+01  0.131849E-02  0.162204E-02  0.123803E-02  0.146149E-02  0.710851E+01  0.923663E+00
  0.979000E+01  0.131455E-02  0.162209E-02  0.123476E-02  0.146251E-02  0.710825E+01  0.927952E+00
  0.981000E+01  0.131142E-02  0.162219E-02  0.123222E-02  0.146356E-02  0.710798E+01  0.932268E+00
  0.983000E+01  0.130910E-02  0.162233E-02  0.123042E-02  0.146462E-02  0.710771E+01  0.936611E+00
  0.985000E+01  0.130759E-02  0.162250E-02  0.122937E-02  0.146568E-02  0.710744E+01  0.940979E+00
  0.988000E+01  0.130686E-02  0.162284E-02  0.122916E-02  0.146727E-02  0.710702E+01  0.941067E+00
  0.991000E+01  0.130796E-02  0.162327E-02  0.123062E-02  0.146883E-02  0.710660E+01  0.941159E+00
  0.994000E+01  0.131088E-02  0.162380E-02  0.123373E-02  0.147037E-02  0.710619E+01  0.941254E+00
  0.997000E+01  0.131562E-02  0.162443E-02  0.123847E-02  0.147187E-02  0.710577E+01  0.941352E+00
  0.100000E+02  0.132214E-02  0.162514E-02  0.124480E-02  0.147328E-02  0.710535E+01  0.941453E+00
