  0.000000E+00  0.437307E-02  0.546135E+01  0.319632E-03  0.412310E+00  0.101919E-01  0.225165E+01
  0.200000E-01  0.437325E-02  0.546135E+01  0.490057E-03  0.412312E+00  0.950230E-02  0.225168E+01
  0.400000E-01  0.437350E-02  0.546135E+01  0.662143E-03  0.412329E+00  0.883522E-02  0.225178E+01
  0.600000E-01  0.437382E-02  0.546135E+01  0.836619E-03  0.412358E+00  0.818730E-02  0.225196E+01
  0.800000E-01  0.437422E-02  0.546134E+01  0.101396E-02  0.412402E+00  0.755474E-02  0.225220E+01
  0.100000E+00  0.437470E-02  0.546134E+01  0.119450E-02  0.412460E+00  0.693430E-02  0.225253E+01
  0.130000E+00  0.437842E-02  0.546134E+01  0.146583E-02  0.412578E+00  0.600919E-02  0.225319E+01
  0.160000E+00  0.438236E-02  0.546134E+01  0.172896E-02  0.412734E+00  0.509461E-02  0.225405E+01
  0.190000E+00  0.438651E-02  0.546134E+01  0.197868E-02  0.412930E+00  0.420843E-02  0.225513E+01
  0.220000E+00  0.439087E-02  0.546134E+01  0.220894E-02  0.413168E+00  0.336813E-02  0.225644E+01
  0.250000E+00  0.439545E-02  0.546134E+01  0.241353E-02  0.413448E+00  0.259227E-02  0.225797E+01
  0.270000E+00  0.439653E-02  0.546133E+01  0.252830E-02  0.413699E+00  0.143060E-01  0.225912E+01
  0.290000E+00  0.439764E-02  0.546133E+01  0.262755E-02  0.414027E+00  0.260465E-01  0.226037E+01
  0.310000E+00  0.439880E-02  0.546133E+01  0.271047E-02  0.414430E+00  0.378172E-01  0.226172E+01
  0.330000E+00  0.439999E-02  0.546132E+01  0.277657E-02  0.414909E+00  0.496203E-01  0.226317E+01
  0.350000E+00  0.440120E-02  0.546131E+01  0.282521E-02  0.415463E+00  0.614581E-01  0.226470E+01
  0.380000E+00  0.440654E-02  0.546129E+01  0.287175E-02  0.415904E+00  0.610679E-01  0.226715E+01
  0.410000E+00  0.441200E-02  0.546127E+01  0.287962E-02  0.416379E+00  0.608004E-01  0.226977E+01
  0.440000E+00  0.441757E-02  0.546126E+01  0.285149E-02  0.416882E+00  0.606568E-01  0.227253E+01
  0.470000E+00  0.442322E-02  0.546124E+01  0.279241E-02  0.417408E+00  0.606324E-01  0.227539E+01
  0.500000E+00  0.442894E-02  0.546122E+01  0.270878E-02  0.417949E+00  0.607192E-01  0.227832E+01
  0.520000E+00  0.443009E-02  0.546121E+01  0.263719E-02  0.418314E+00  0.608285E-01  0.228029E+01
  0.540000E+00  0.443122E-02  0.546120E+01  0.254630E-02  0.418684E+00  0.609711E-01  0.228228E+01
  0.560000E+00  0.443230E-02  0.546119E+01  0.243469E-02  0.419061E+00  0.611485E-01  0.228431E+01
  0.580000E+00  0.443332E-02  0.546118E+01  0.230064E-02  0.419449E+00  0.613643E-01  0.228639E+01
  0.600000E+00  0.443429E-02  0.546117E+01  0.214219E-02  0.419851E+00  0.616243E-01  0.228853E+01
  0.630000E+00  0.443961E-02  0.546115E+01  0.187226E-02  0.420481E+00  0.621244E-01  0.229189E+01
  0.660000E+00  0.444483E-02  0.546113E+01  0.158285E-02  0.421143E+00  0.627682E-01  0.229540E+01
  0.690000E+00  0.444993E-02  0.546112E+01  0.128422E-02  0.421829E+00  0.635457E-01  0.229902E+01
  0.720000E+00  0.445490E-02  0.546110E+01  0.987214E-03  0.422533E+00  0.644385E-01  0.230272E+01
  0.750000E+00  0.445975E-02  0.546108E+01  0.701607E-03  0.423249E+00  0.654229E-01  0.230646E+01
  0.770000E+00  0.446002E-02  0.546107E+01  0.517204E-03  0.424090E+00  0.780365E-01  0.230896E+01
  0.790000E+00  0.446020E-02  0.546105E+01  0.343105E-03  0.424997E+00  0.906422E-01  0.231146E+01
  0.810000E+00  0.446032E-02  0.546103E+01  0.180404E-03  0.425968E+00  0.103231E+00  0.231393E+01
  0.830000E+00  0.446036E-02  0.546101E+01  0.304464E-04  0.426999E+00  0.115791E+00  0.231637E+01
  0.850000E+00  0.446035E-02  0.546099E+01 -0.105487E-03  0.428088E+00  0.128315E+00  0.231877E+01
  0.880000E+00  0.446478E-02  0.546095E+01 -0.275138E-03  0.428786E+00  0.129235E+00  0.232227E+01
  0.910000E+00  0.446917E-02  0.546092E+01 -0.412110E-03  0.429455E+00  0.130083E+00  0.232562E+01
  0.940000E+00  0.447352E-02  0.546088E+01 -0.519511E-03  0.430087E+00  0.130842E+00  0.232881E+01
  0.970000E+00  0.447786E-02  0.546084E+01 -0.600704E-03  0.430680E+00  0.131494E+00  0.233180E+01
  0.100000E+01  0.448219E-02  0.546081E+01 -0.660787E-03  0.431230E+00  0.132029E+00  0.233461E+01
  0.102000E+01  0.448189E-02  0.546078E+01 -0.695471E-03  0.431574E+00  0.132319E+00  0.233637E+01
  0.104000E+01  0.448159E-02  0.546076E+01 -0.731123E-03  0.431901E+00  0.132562E+00  0.233805E+01
  0.106000E+01  0.448126E-02  0.546073E+01 -0.768034E-03  0.432217E+00  0.132772E+00  0.233969E+01
  0.108000E+01  0.448092E-02  0.546071E+01 -0.806609E-03  0.432525E+00  0.132962E+00  0.234129E+01
  0.110000E+01  0.448056E-02  0.546068E+01 -0.847355E-03  0.432829E+00  0.133142E+00  0.234287E+01
  0.113000E+01  0.448375E-02  0.546065E+01 -0.905932E-03  0.433286E+00  0.133414E+00  0.234524E+01
  0.116000E+01  0.448693E-02  0.546061E+01 -0.955130E-03  0.433742E+00  0.133693E+00  0.234761E+01
  0.119000E+01  0.449011E-02  0.546057E+01 -0.992653E-03  0.434195E+00  0.133975E+00  0.234995E+01
  0.122000E+01  0.449329E-02  0.546053E+01 -0.101572E-02  0.434640E+00  0.134255E+00  0.235226E+01
  0.125000E+01  0.449649E-02  0.546050E+01 -0.102283E-02  0.435073E+00  0.134527E+00  0.235451E+01
  0.127000E+01  0.449605E-02  0.546047E+01 -0.102278E-02  0.436056E+00  0.146383E+00  0.235596E+01
  0.129000E+01  0.449561E-02  0.546044E+01 -0.101563E-02  0.437090E+00  0.158219E+00  0.235738E+01
  0.131000E+01  0.449517E-02  0.546041E+01 -0.100175E-02  0.438173E+00  0.170032E+00  0.235875E+01
  0.133000E+01  0.449474E-02  0.546038E+01 -0.981389E-03  0.439305E+00  0.181823E+00  0.236008E+01
  0.135000E+01  0.449432E-02  0.546034E+01 -0.954854E-03  0.440485E+00  0.193591E+00  0.236136E+01
  0.138000E+01  0.449769E-02  0.546029E+01 -0.898793E-03  0.440839E+00  0.193730E+00  0.236317E+01
  0.141000E+01  0.450113E-02  0.546023E+01 -0.832457E-03  0.441169E+00  0.193840E+00  0.236487E+01
  0.144000E+01  0.450464E-02  0.546018E+01 -0.757801E-03  0.441473E+00  0.193917E+00  0.236644E+01
  0.147000E+01  0.450823E-02  0.546012E+01 -0.677838E-03  0.441751E+00  0.193961E+00  0.236789E+01
  0.150000E+01  0.451189E-02  0.546007E+01 -0.595578E-03  0.442004E+00  0.193969E+00  0.236921E+01
  0.152000E+01  0.451165E-02  0.546003E+01 -0.542789E-03  0.442158E+00  0.193955E+00  0.237003E+01
  0.154000E+01  0.451142E-02  0.546000E+01 -0.493537E-03  0.442302E+00  0.193931E+00  0.237080E+01
  0.156000E+01  0.451122E-02  0.545996E+01 -0.447319E-03  0.442439E+00  0.193902E+00  0.237153E+01
  0.158000E+01  0.451103E-02  0.545992E+01 -0.403966E-03  0.442573E+00  0.193872E+00  0.237224E+01
  0.160000E+01  0.451087E-02  0.545989E+01 -0.363833E-03  0.442705E+00  0.193846E+00  0.237295E+01
  0.163000E+01  0.451407E-02  0.545983E+01 -0.306895E-03  0.442907E+00  0.193819E+00  0.237402E+01
  0.166000E+01  0.451732E-02  0.545978E+01 -0.253313E-03  0.443116E+00  0.193806E+00  0.237512E+01
  0.169000E+01  0.452062E-02  0.545972E+01 -0.206755E-03  0.443331E+00  0.193804E+00  0.237625E+01
  0.172000E+01  0.452395E-02  0.545967E+01 -0.170500E-03  0.443552E+00  0.193809E+00  0.237741E+01
  0.175000E+01  0.452731E-02  0.545961E+01 -0.147390E-03  0.443777E+00  0.193816E+00  0.237859E+01
  0.177000E+01  0.452725E-02  0.545958E+01 -0.144461E-03  0.444916E+00  0.205383E+00  0.237939E+01
  0.179000E+01  0.452718E-02  0.545954E+01 -0.148578E-03  0.446110E+00  0.216939E+00  0.238019E+01
  0.181000E+01  0.452711E-02  0.545949E+01 -0.160086E-03  0.447360E+00  0.228485E+00  0.238100E+01
  0.183000E+01  0.452704E-02  0.545945E+01 -0.179242E-03  0.448664E+00  0.240018E+00  0.238181E+01
  0.185000E+01  0.452696E-02  0.545940E+01 -0.205942E-03  0.450022E+00  0.251538E+00  0.238263E+01
  0.188000E+01  0.453033E-02  0.545933E+01 -0.253233E-03  0.450255E+00  0.251483E+00  0.238386E+01
  0.191000E+01  0.453369E-02  0.545926E+01 -0.315963E-03  0.450487E+00  0.251417E+00  0.238510E+01
  0.194000E+01  0.453702E-02  0.545919E+01 -0.392112E-03  0.450717E+00  0.251337E+00  0.238633E+01
  0.197000E+01  0.454031E-02  0.545912E+01 -0.479365E-03  0.450947E+00  0.251242E+00  0.238757E+01
  0.200000E+01  0.454357E-02  0.545905E+01 -0.574733E-03  0.451173E+00  0.251133E+00  0.238880E+01
  0.202000E+01  0.454331E-02  0.545900E+01 -0.644089E-03  0.451321E+00  0.251051E+00  0.238961E+01
  0.204000E+01  0.454301E-02  0.545895E+01 -0.721538E-03  0.451469E+00  0.250965E+00  0.239042E+01
  0.206000E+01  0.454268E-02  0.545890E+01 -0.808055E-03  0.451617E+00  0.250879E+00  0.239123E+01
  0.208000E+01  0.454231E-02  0.545885E+01 -0.905064E-03  0.451768E+00  0.250795E+00  0.239205E+01
  0.210000E+01  0.454189E-02  0.545881E+01 -0.101415E-02  0.451923E+00  0.250719E+00  0.239290E+01
  0.213000E+01  0.454518E-02  0.545874E+01 -0.119812E-02  0.452166E+00  0.250627E+00  0.239421E+01
  0.216000E+01  0.454835E-02  0.545866E+01 -0.140070E-02  0.452424E+00  0.250569E+00  0.239557E+01
  0.219000E+01  0.455139E-02  0.545859E+01 -0.161923E-02  0.452692E+00  0.250547E+00  0.239697E+01
  0.222000E+01  0.455430E-02  0.545852E+01 -0.185037E-02  0.452971E+00  0.250563E+00  0.239841E+01
  0.225000E+01  0.455705E-02  0.545845E+01 -0.209026E-02  0.453258E+00  0.250615E+00  0.239987E+01
  0.227000E+01  0.455611E-02  0.545840E+01 -0.225753E-02  0.454704E+00  0.262125E+00  0.240084E+01
  0.229000E+01  0.455510E-02  0.545835E+01 -0.242558E-02  0.456204E+00  0.273640E+00  0.240182E+01
  0.231000E+01  0.455401E-02  0.545829E+01 -0.259311E-02  0.457759E+00  0.285159E+00  0.240280E+01
  0.233000E+01  0.455285E-02  0.545824E+01 -0.275910E-02  0.459368E+00  0.296681E+00  0.240378E+01
  0.235000E+01  0.455162E-02  0.545818E+01 -0.292252E-02  0.461028E+00  0.308205E+00  0.240475E+01
  0.238000E+01  0.455376E-02  0.545809E+01 -0.315395E-02  0.461329E+00  0.308348E+00  0.240619E+01
  0.241000E+01  0.455578E-02  0.545800E+01 -0.337428E-02  0.461628E+00  0.308507E+00  0.240760E+01
  0.244000E+01  0.455768E-02  0.545791E+01 -0.358054E-02  0.461920E+00  0.308675E+00  0.240897E+01
  0.247000E+01  0.455948E-02  0.545782E+01 -0.377098E-02  0.462204E+00  0.308847E+00  0.241029E+01
  0.250000E+01  0.456118E-02  0.545774E+01 -0.394436E-02  0.462478E+00  0.309015E+00  0.241157E+01
  0.252000E+01  0.455945E-02  0.545768E+01 -0.405368E-02  0.462654E+00  0.309119E+00  0.241239E+01
  0.254000E+01  0.455767E-02  0.545762E+01 -0.416362E-02  0.462825E+00  0.309216E+00  0.241319E+01
  0.256000E+01  0.455584E-02  0.545756E+01 -0.427593E-02  0.462992E+00  0.309311E+00  0.241396E+01
  0.258000E+01  0.455396E-02  0.545750E+01 -0.439256E-02  0.463156E+00  0.309410E+00  0.241473E+01
  0.260000E+01  0.455203E-02  0.545744E+01 -0.451532E-02  0.463319E+00  0.309518E+00  0.241548E+01
  0.263000E+01  0.455387E-02  0.545735E+01 -0.470656E-02  0.463564E+00  0.309712E+00  0.241659E+01
  0.266000E+01  0.455558E-02  0.545726E+01 -0.489869E-02  0.463813E+00  0.309948E+00  0.241768E+01
  0.269000E+01  0.455715E-02  0.545717E+01 -0.508931E-02  0.464064E+00  0.310219E+00  0.241876E+01
  0.272000E+01  0.455859E-02  0.545708E+01 -0.527645E-02  0.464316E+00  0.310516E+00  0.241983E+01
  0.275000E+01  0.455990E-02  0.545699E+01 -0.545802E-02  0.464569E+00  0.310827E+00  0.242090E+01
  0.277000E+01  0.455751E-02  0.545693E+01 -0.557942E-02  0.466258E+00  0.322386E+00  0.242161E+01
  0.279000E+01  0.455507E-02  0.545686E+01 -0.569682E-02  0.467998E+00  0.333933E+00  0.242231E+01
  0.281000E+01  0.455257E-02  0.545680E+01 -0.580999E-02  0.469788E+00  0.345464E+00  0.242303E+01
  0.283000E+01  0.455003E-02  0.545673E+01 -0.591870E-02  0.471627E+00  0.356975E+00  0.242374E+01
  0.285000E+01  0.454744E-02  0.545666E+01 -0.602270E-02  0.473514E+00  0.368464E+00  0.242446E+01
  0.288000E+01  0.454826E-02  0.545655E+01 -0.616373E-02  0.473765E+00  0.368652E+00  0.242555E+01
  0.291000E+01  0.454899E-02  0.545645E+01 -0.629545E-02  0.474009E+00  0.368787E+00  0.242665E+01
  0.294000E+01  0.454964E-02  0.545634E+01 -0.641805E-02  0.474246E+00  0.368862E+00  0.242776E+01
  0.297000E+01  0.455022E-02  0.545623E+01 -0.653230E-02  0.474475E+00  0.368873E+00  0.242887E+01
  0.300000E+01  0.455073E-02  0.545613E+01 -0.663908E-02  0.474694E+00  0.368819E+00  0.242998E+01
  0.302000E+01  0.454784E-02  0.545605E+01 -0.670749E-02  0.474833E+00  0.368749E+00  0.243072E+01
  0.304000E+01  0.454492E-02  0.545598E+01 -0.677586E-02  0.474970E+00  0.368658E+00  0.243146E+01
  0.306000E+01  0.454197E-02  0.545591E+01 -0.684512E-02  0.475104E+00  0.368550E+00  0.243220E+01
  0.308000E+01  0.453898E-02  0.545584E+01 -0.691637E-02  0.475238E+00  0.368429E+00  0.243295E+01
  0.310000E+01  0.453597E-02  0.545577E+01 -0.699066E-02  0.475374E+00  0.368298E+00  0.243372E+01
  0.313000E+01  0.453607E-02  0.545566E+01 -0.710782E-02  0.475585E+00  0.368085E+00  0.243492E+01
  0.316000E+01  0.453608E-02  0.545556E+01 -0.722922E-02  0.475804E+00  0.367849E+00  0.243618E+01
  0.319000E+01  0.453601E-02  0.545545E+01 -0.735077E-02  0.476032E+00  0.367588E+00  0.243750E+01
  0.322000E+01  0.453585E-02  0.545534E+01 -0.746942E-02  0.476267E+00  0.367302E+00  0.243889E+01
  0.325000E+01  0.453562E-02  0.545523E+01 -0.758241E-02  0.476509E+00  0.366993E+00  0.244032E+01
  0.327000E+01  0.453232E-02  0.545516E+01 -0.765706E-02  0.478431E+00  0.378026E+00  0.244131E+01
  0.329000E+01  0.452898E-02  0.545509E+01 -0.772681E-02  0.480400E+00  0.389040E+00  0.244231E+01
  0.331000E+01  0.452562E-02  0.545501E+01 -0.779093E-02  0.482414E+00  0.400037E+00  0.244332E+01
  0.333000E+01  0.452223E-02  0.545493E+01 -0.784864E-02  0.484473E+00  0.411015E+00  0.244435E+01
  0.335000E+01  0.451882E-02  0.545485E+01 -0.789936E-02  0.486575E+00  0.421978E+00  0.244539E+01
  0.338000E+01  0.451838E-02  0.545473E+01 -0.795563E-02  0.486823E+00  0.421556E+00  0.244695E+01
  0.341000E+01  0.451792E-02  0.545460E+01 -0.799540E-02  0.487069E+00  0.421124E+00  0.244851E+01
  0.344000E+01  0.451747E-02  0.545448E+01 -0.801933E-02  0.487309E+00  0.420686E+00  0.245004E+01
  0.347000E+01  0.451702E-02  0.545436E+01 -0.802833E-02  0.487541E+00  0.420247E+00  0.245154E+01
  0.350000E+01  0.451660E-02  0.545423E+01 -0.802429E-02  0.487765E+00  0.419811E+00  0.245299E+01
  0.352000E+01  0.451313E-02  0.545415E+01 -0.801635E-02  0.487908E+00  0.419524E+00  0.245393E+01
  0.354000E+01  0.450965E-02  0.545407E+01 -0.800609E-02  0.488048E+00  0.419242E+00  0.245484E+01
  0.356000E+01  0.450619E-02  0.545399E+01 -0.799388E-02  0.488186E+00  0.418964E+00  0.245574E+01
  0.358000E+01  0.450273E-02  0.545391E+01 -0.797976E-02  0.488323E+00  0.418690E+00  0.245664E+01
  0.360000E+01  0.449927E-02  0.545383E+01 -0.796386E-02  0.488462E+00  0.418422E+00  0.245753E+01
  0.363000E+01  0.449833E-02  0.545370E+01 -0.793486E-02  0.488675E+00  0.418026E+00  0.245889E+01
  0.366000E+01  0.449741E-02  0.545358E+01 -0.789819E-02  0.488893E+00  0.417638E+00  0.246028E+01
  0.369000E+01  0.449652E-02  0.545346E+01 -0.785440E-02  0.489115E+00  0.417255E+00  0.246167E+01
  0.372000E+01  0.449567E-02  0.545334E+01 -0.780364E-02  0.489339E+00  0.416878E+00  0.246307E+01
  0.375000E+01  0.449486E-02  0.545321E+01 -0.774701E-02  0.489564E+00  0.416503E+00  0.246448E+01
  0.377000E+01  0.449151E-02  0.545313E+01 -0.771054E-02  0.491670E+00  0.427386E+00  0.246541E+01
  0.379000E+01  0.448818E-02  0.545305E+01 -0.767220E-02  0.493816E+00  0.438260E+00  0.246634E+01
  0.381000E+01  0.448486E-02  0.545296E+01 -0.763228E-02  0.496002E+00  0.449125E+00  0.246726E+01
  0.383000E+01  0.448156E-02  0.545287E+01 -0.759121E-02  0.498226E+00  0.459981E+00  0.246817E+01
  0.385000E+01  0.447828E-02  0.545278E+01 -0.754955E-02  0.500488E+00  0.470827E+00  0.246907E+01
  0.388000E+01  0.447770E-02  0.545264E+01 -0.748038E-02  0.500687E+00  0.470415E+00  0.247038E+01
  0.391000E+01  0.447718E-02  0.545250E+01 -0.741164E-02  0.500878E+00  0.470000E+00  0.247166E+01
  0.394000E+01  0.447672E-02  0.545236E+01 -0.734457E-02  0.501059E+00  0.469584E+00  0.247288E+01
  0.397000E+01  0.447631E-02  0.545222E+01 -0.727992E-02  0.501228E+00  0.469166E+00  0.247405E+01
  0.400000E+01  0.447596E-02  0.545209E+01 -0.721832E-02  0.501386E+00  0.468748E+00  0.247516E+01
  0.402000E+01  0.447284E-02  0.545199E+01 -0.718083E-02  0.501484E+00  0.468471E+00  0.247587E+01
  0.404000E+01  0.446974E-02  0.545190E+01 -0.714744E-02  0.501578E+00  0.468196E+00  0.247655E+01
  0.406000E+01  0.446665E-02  0.545181E+01 -0.711757E-02  0.501669E+00  0.467924E+00  0.247722E+01
  0.408000E+01  0.446357E-02  0.545172E+01 -0.709080E-02  0.501759E+00  0.467654E+00  0.247788E+01
  0.410000E+01  0.446050E-02  0.545162E+01 -0.706694E-02  0.501849E+00  0.467387E+00  0.247854E+01
  0.413000E+01  0.446005E-02  0.545149E+01 -0.703312E-02  0.501988E+00  0.466989E+00  0.247954E+01
  0.416000E+01  0.445962E-02  0.545135E+01 -0.699895E-02  0.502131E+00  0.466596E+00  0.248055E+01
  0.419000E+01  0.445922E-02  0.545121E+01 -0.696505E-02  0.502276E+00  0.466207E+00  0.248158E+01
  0.422000E+01  0.445883E-02  0.545107E+01 -0.693208E-02  0.502424E+00  0.465820E+00  0.248261E+01
  0.425000E+01  0.445847E-02  0.545093E+01 -0.690076E-02  0.502573E+00  0.465437E+00  0.248365E+01
  0.427000E+01  0.445548E-02  0.545084E+01 -0.688479E-02  0.504816E+00  0.476223E+00  0.248434E+01
  0.429000E+01  0.445250E-02  0.545075E+01 -0.686941E-02  0.507097E+00  0.487004E+00  0.248503E+01
  0.431000E+01  0.444953E-02  0.545065E+01 -0.685483E-02  0.509417E+00  0.497781E+00  0.248572E+01
  0.433000E+01  0.444656E-02  0.545055E+01 -0.684100E-02  0.511774E+00  0.508553E+00  0.248640E+01
  0.435000E+01  0.444360E-02  0.545045E+01 -0.682787E-02  0.514168E+00  0.519320E+00  0.248707E+01
  0.438000E+01  0.444331E-02  0.545029E+01 -0.680328E-02  0.514307E+00  0.518933E+00  0.248807E+01
  0.441000E+01  0.444305E-02  0.545014E+01 -0.678037E-02  0.514443E+00  0.518551E+00  0.248904E+01
  0.444000E+01  0.444281E-02  0.544998E+01 -0.675891E-02  0.514575E+00  0.518172E+00  0.249000E+01
  0.447000E+01  0.444258E-02  0.544983E+01 -0.673871E-02  0.514702E+00  0.517796E+00  0.249092E+01
  0.450000E+01  0.444237E-02  0.544968E+01 -0.671941E-02  0.514822E+00  0.517424E+00  0.249181E+01
  0.452000E+01  0.443946E-02  0.544957E+01 -0.670880E-02  0.514898E+00  0.517178E+00  0.249238E+01
  0.454000E+01  0.443656E-02  0.544947E+01 -0.670211E-02  0.514971E+00  0.516933E+00  0.249294E+01
  0.456000E+01  0.443365E-02  0.544937E+01 -0.669946E-02  0.515044E+00  0.516690E+00  0.249349E+01
  0.458000E+01  0.443075E-02  0.544927E+01 -0.670116E-02  0.515117E+00  0.516446E+00  0.249404E+01
  0.460000E+01  0.442784E-02  0.544916E+01 -0.670787E-02  0.515191E+00  0.516202E+00  0.249461E+01
  0.463000E+01  0.442810E-02  0.544901E+01 -0.672498E-02  0.515310E+00  0.515834E+00  0.249548E+01
  0.466000E+01  0.442834E-02  0.544886E+01 -0.674766E-02  0.515439E+00  0.515462E+00  0.249641E+01
  0.469000E+01  0.442855E-02  0.544870E+01 -0.677519E-02  0.515577E+00  0.515085E+00  0.249740E+01
  0.472000E+01  0.442874E-02  0.544855E+01 -0.680709E-02  0.515724E+00  0.514702E+00  0.249843E+01
  0.475000E+01  0.442889E-02  0.544839E+01 -0.684272E-02  0.515880E+00  0.514314E+00  0.249951E+01
  0.477000E+01  0.442592E-02  0.544829E+01 -0.687223E-02  0.518307E+00  0.525009E+00  0.250025E+01
  0.479000E+01  0.442294E-02  0.544818E+01 -0.690272E-02  0.520773E+00  0.535693E+00  0.250102E+01
  0.481000E+01  0.441994E-02  0.544808E+01 -0.693416E-02  0.523278E+00  0.546366E+00  0.250180E+01
  0.483000E+01  0.441693E-02  0.544797E+01 -0.696649E-02  0.525820E+00  0.557027E+00  0.250259E+01
  0.485000E+01  0.441390E-02  0.544785E+01 -0.699945E-02  0.528399E+00  0.567675E+00  0.250340E+01
  0.488000E+01  0.441393E-02  0.544768E+01 -0.704313E-02  0.528572E+00  0.567218E+00  0.250463E+01
  0.491000E+01  0.441394E-02  0.544751E+01 -0.708720E-02  0.528747E+00  0.566752E+00  0.250588E+01
  0.494000E+01  0.441392E-02  0.544734E+01 -0.713141E-02  0.528922E+00  0.566274E+00  0.250715E+01
  0.497000E+01  0.441388E-02  0.544717E+01 -0.717511E-02  0.529096E+00  0.565788E+00  0.250842E+01
  0.500000E+01  0.441381E-02  0.544700E+01 -0.721746E-02  0.529267E+00  0.565292E+00  0.250968E+01
  0.502000E+01  0.441068E-02  0.544689E+01 -0.724672E-02  0.529380E+00  0.564958E+00  0.251052E+01
  0.504000E+01  0.440753E-02  0.544678E+01 -0.727988E-02  0.529491E+00  0.564620E+00  0.251136E+01
  0.506000E+01  0.440437E-02  0.544667E+01 -0.731779E-02  0.529603E+00  0.564275E+00  0.251221E+01
  0.508000E+01  0.440119E-02  0.544655E+01 -0.736133E-02  0.529716E+00  0.563923E+00  0.251308E+01
  0.510000E+01  0.439799E-02  0.544644E+01 -0.741142E-02  0.529833E+00  0.563562E+00  0.251397E+01
  0.513000E+01  0.439832E-02  0.544627E+01 -0.749608E-02  0.530019E+00  0.563000E+00  0.251538E+01
  0.516000E+01  0.439860E-02  0.544610E+01 -0.758814E-02  0.530218E+00  0.562415E+00  0.251687E+01
  0.519000E+01  0.439882E-02  0.544593E+01 -0.768623E-02  0.530430E+00  0.561810E+00  0.251845E+01
  0.522000E+01  0.439897E-02  0.544576E+01 -0.778751E-02  0.530654E+00  0.561188E+00  0.252010E+01
  0.525000E+01  0.439906E-02  0.544559E+01 -0.788902E-02  0.530889E+00  0.560553E+00  0.252182E+01
  0.527000E+01  0.439563E-02  0.544548E+01 -0.795945E-02  0.533525E+00  0.570972E+00  0.252300E+01
  0.529000E+01  0.439216E-02  0.544536E+01 -0.802743E-02  0.536199E+00  0.581376E+00  0.252421E+01
  0.531000E+01  0.438867E-02  0.544524E+01 -0.809231E-02  0.538910E+00  0.591766E+00  0.252544E+01
  0.533000E+01  0.438515E-02  0.544512E+01 -0.815359E-02  0.541655E+00  0.602144E+00  0.252668E+01
  0.535000E+01  0.438160E-02  0.544500E+01 -0.821078E-02  0.544435E+00  0.612508E+00  0.252794E+01
  0.538000E+01  0.438148E-02  0.544482E+01 -0.828187E-02  0.544695E+00  0.611809E+00  0.252985E+01
  0.541000E+01  0.438134E-02  0.544463E+01 -0.834212E-02  0.544960E+00  0.611112E+00  0.253178E+01
  0.544000E+01  0.438118E-02  0.544445E+01 -0.839132E-02  0.545228E+00  0.610418E+00  0.253372E+01
  0.547000E+01  0.438102E-02  0.544426E+01 -0.842902E-02  0.545498E+00  0.609727E+00  0.253567E+01
  0.550000E+01  0.438086E-02  0.544407E+01 -0.845555E-02  0.545767E+00  0.609041E+00  0.253760E+01
  0.552000E+01  0.437719E-02  0.544395E+01 -0.846943E-02  0.545945E+00  0.608586E+00  0.253888E+01
  0.554000E+01  0.437352E-02  0.544383E+01 -0.848245E-02  0.546122E+00  0.608131E+00  0.254016E+01
  0.556000E+01  0.436984E-02  0.544371E+01 -0.849531E-02  0.546300E+00  0.607678E+00  0.254145E+01
  0.558000E+01  0.436615E-02  0.544358E+01 -0.850869E-02  0.546482E+00  0.607225E+00  0.254275E+01
  0.560000E+01  0.436246E-02  0.544346E+01 -0.852277E-02  0.546670E+00  0.606774E+00  0.254407E+01
  0.563000E+01  0.436218E-02  0.544328E+01 -0.854218E-02  0.546966E+00  0.606095E+00  0.254613E+01
  0.566000E+01  0.436191E-02  0.544309E+01 -0.855595E-02  0.547281E+00  0.605417E+00  0.254828E+01
  0.569000E+01  0.436165E-02  0.544291E+01 -0.856313E-02  0.547611E+00  0.604743E+00  0.255049E+01
  0.572000E+01  0.436140E-02  0.544272E+01 -0.856331E-02  0.547954E+00  0.604074E+00  0.255276E+01
  0.575000E+01  0.436118E-02  0.544254E+01 -0.855629E-02  0.548309E+00  0.603411E+00  0.255507E+01
  0.577000E+01  0.435748E-02  0.544241E+01 -0.855183E-02  0.551160E+00  0.613666E+00  0.255663E+01
  0.579000E+01  0.435377E-02  0.544229E+01 -0.854406E-02  0.554046E+00  0.623911E+00  0.255820E+01
  0.581000E+01  0.435007E-02  0.544216E+01 -0.853274E-02  0.556964E+00  0.634144E+00  0.255978E+01
  0.583000E+01  0.434638E-02  0.544203E+01 -0.851792E-02  0.559912E+00  0.644368E+00  0.256136E+01
  0.585000E+01  0.434269E-02  0.544190E+01 -0.849970E-02  0.562890E+00  0.654580E+00  0.256293E+01
  0.588000E+01  0.434265E-02  0.544169E+01 -0.846114E-02  0.563248E+00  0.653897E+00  0.256527E+01
  0.591000E+01  0.434266E-02  0.544149E+01 -0.841842E-02  0.563600E+00  0.653220E+00  0.256758E+01
  0.594000E+01  0.434272E-02  0.544129E+01 -0.837256E-02  0.563941E+00  0.652550E+00  0.256982E+01
  0.597000E+01  0.434285E-02  0.544109E+01 -0.832566E-02  0.564266E+00  0.651887E+00  0.257199E+01
  0.600000E+01  0.434303E-02  0.544089E+01 -0.827901E-02  0.564574E+00  0.651233E+00  0.257407E+01
  0.602000E+01  0.433945E-02  0.544076E+01 -0.824906E-02  0.564768E+00  0.650804E+00  0.257539E+01
  0.604000E+01  0.433588E-02  0.544062E+01 -0.822065E-02  0.564955E+00  0.650383E+00  0.257668E+01
  0.606000E+01  0.433232E-02  0.544049E+01 -0.819345E-02  0.565136E+00  0.649971E+00  0.257793E+01
  0.608000E+01  0.432878E-02  0.544036E+01 -0.816729E-02  0.565316E+00  0.649567E+00  0.257916E+01
  0.610000E+01  0.432525E-02  0.544022E+01 -0.814161E-02  0.565495E+00  0.649172E+00  0.258038E+01
  0.613000E+01  0.432484E-02  0.544002E+01 -0.810153E-02  0.565768E+00  0.648594E+00  0.258221E+01
  0.616000E+01  0.432448E-02  0.543982E+01 -0.805746E-02  0.566046E+00  0.648033E+00  0.258405E+01
  0.619000E+01  0.432416E-02  0.543962E+01 -0.800974E-02  0.566326E+00  0.647488E+00  0.258587E+01
  0.622000E+01  0.432390E-02  0.543942E+01 -0.795864E-02  0.566607E+00  0.646957E+00  0.258769E+01
  0.625000E+01  0.432368E-02  0.543922E+01 -0.790488E-02  0.566887E+00  0.646438E+00  0.258948E+01
  0.627000E+01  0.432026E-02  0.543909E+01 -0.787196E-02  0.569811E+00  0.656639E+00  0.259066E+01
  0.629000E+01  0.431686E-02  0.543895E+01 -0.783851E-02  0.572762E+00  0.666833E+00  0.259182E+01
  0.631000E+01  0.431347E-02  0.543881E+01 -0.780469E-02  0.575738E+00  0.677021E+00  0.259296E+01
  0.633000E+01  0.431009E-02  0.543867E+01 -0.777086E-02  0.578738E+00  0.687203E+00  0.259408E+01
  0.635000E+01  0.430673E-02  0.543853E+01 -0.773736E-02  0.581760E+00  0.697379E+00  0.259518E+01
  0.638000E+01  0.430674E-02  0.543831E+01 -0.768298E-02  0.581997E+00  0.696865E+00  0.259675E+01
  0.641000E+01  0.430680E-02  0.543810E+01 -0.763187E-02  0.582219E+00  0.696362E+00  0.259825E+01
  0.644000E+01  0.430691E-02  0.543788E+01 -0.758480E-02  0.582424E+00  0.695868E+00  0.259967E+01
  0.647000E+01  0.430706E-02  0.543766E+01 -0.754245E-02  0.582611E+00  0.695385E+00  0.260099E+01
  0.650000E+01  0.430725E-02  0.543745E+01 -0.750509E-02  0.582778E+00  0.694913E+00  0.260221E+01
  0.652000E+01  0.430400E-02  0.543730E+01 -0.748360E-02  0.582879E+00  0.694609E+00  0.260296E+01
  0.654000E+01  0.430076E-02  0.543716E+01 -0.746487E-02  0.582971E+00  0.694313E+00  0.260366E+01
  0.656000E+01  0.429753E-02  0.543701E+01 -0.744822E-02  0.583058E+00  0.694025E+00  0.260433E+01
  0.658000E+01  0.429431E-02  0.543687E+01 -0.743305E-02  0.583142E+00  0.693744E+00  0.260498E+01
  0.660000E+01  0.429109E-02  0.543673E+01 -0.741895E-02  0.583223E+00  0.693467E+00  0.260561E+01
  0.663000E+01  0.429087E-02  0.543651E+01 -0.739812E-02  0.583346E+00  0.693056E+00  0.260656E+01
  0.666000E+01  0.429066E-02  0.543629E+01 -0.737725E-02  0.583469E+00  0.692645E+00  0.260751E+01
  0.669000E+01  0.429048E-02  0.543608E+01 -0.735692E-02  0.583592E+00  0.692232E+00  0.260846E+01
  0.672000E+01  0.429031E-02  0.543586E+01 -0.733755E-02  0.583713E+00  0.691819E+00  0.260940E+01
  0.675000E+01  0.429017E-02  0.543564E+01 -0.731964E-02  0.583830E+00  0.691406E+00  0.261032E+01
  0.677000E+01  0.428700E-02  0.543550E+01 -0.731267E-02  0.586772E+00  0.701575E+00  0.261092E+01
  0.679000E+01  0.428383E-02  0.543535E+01 -0.730652E-02  0.589739E+00  0.711739E+00  0.261152E+01
  0.681000E+01  0.428066E-02  0.543520E+01 -0.730105E-02  0.592731E+00  0.721897E+00  0.261210E+01
  0.683000E+01  0.427750E-02  0.543505E+01 -0.729624E-02  0.595746E+00  0.732050E+00  0.261267E+01
  0.685000E+01  0.427434E-02  0.543490E+01 -0.729210E-02  0.598785E+00  0.742198E+00  0.261322E+01
  0.688000E+01  0.427427E-02  0.543467E+01 -0.728116E-02  0.598871E+00  0.741768E+00  0.261402E+01
  0.691000E+01  0.427420E-02  0.543443E+01 -0.727153E-02  0.598950E+00  0.741342E+00  0.261479E+01
  0.694000E+01  0.427416E-02  0.543420E+01 -0.726353E-02  0.599021E+00  0.740920E+00  0.261552E+01
  0.697000E+01  0.427413E-02  0.543397E+01 -0.725726E-02  0.599084E+00  0.740503E+00  0.261620E+01
  0.700000E+01  0.427410E-02  0.543374E+01 -0.725252E-02  0.599140E+00  0.740094E+00  0.261685E+01
  0.702000E+01  0.427096E-02  0.543358E+01 -0.725032E-02  0.599174E+00  0.739827E+00  0.261725E+01
  0.704000E+01  0.426782E-02  0.543343E+01 -0.724899E-02  0.599205E+00  0.739565E+00  0.261764E+01
  0.706000E+01  0.426468E-02  0.543327E+01 -0.724852E-02  0.599235E+00  0.739306E+00  0.261802E+01
  0.708000E+01  0.426154E-02  0.543312E+01 -0.724902E-02  0.599264E+00  0.739048E+00  0.261840E+01
  0.710000E+01  0.425840E-02  0.543297E+01 -0.725074E-02  0.599294E+00  0.738790E+00  0.261878E+01
  0.713000E+01  0.425873E-02  0.543273E+01 -0.725580E-02  0.599341E+00  0.738396E+00  0.261937E+01
  0.716000E+01  0.425905E-02  0.543250E+01 -0.726363E-02  0.599393E+00  0.737991E+00  0.261999E+01
  0.719000E+01  0.425938E-02  0.543227E+01 -0.727409E-02  0.599449E+00  0.737575E+00  0.262064E+01
  0.722000E+01  0.425969E-02  0.543204E+01 -0.728689E-02  0.599508E+00  0.737150E+00  0.262132E+01
  0.725000E+01  0.426000E-02  0.543181E+01 -0.730171E-02  0.599571E+00  0.736716E+00  0.262203E+01
  0.727000E+01  0.425683E-02  0.543165E+01 -0.731644E-02  0.602602E+00  0.746806E+00  0.262251E+01
  0.729000E+01  0.425366E-02  0.543149E+01 -0.733163E-02  0.605658E+00  0.756889E+00  0.262300E+01
  0.731000E+01  0.425048E-02  0.543133E+01 -0.734700E-02  0.608741E+00  0.766965E+00  0.262350E+01
  0.733000E+01  0.424729E-02  0.543117E+01 -0.736237E-02  0.611848E+00  0.777034E+00  0.262400E+01
  0.735000E+01  0.424410E-02  0.543101E+01 -0.737754E-02  0.614980E+00  0.787098E+00  0.262451E+01
  0.738000E+01  0.424438E-02  0.543076E+01 -0.739378E-02  0.615046E+00  0.786629E+00  0.262527E+01
  0.741000E+01  0.424466E-02  0.543051E+01 -0.740857E-02  0.615112E+00  0.786161E+00  0.262603E+01
  0.744000E+01  0.424494E-02  0.543026E+01 -0.742139E-02  0.615178E+00  0.785697E+00  0.262678E+01
  0.747000E+01  0.424522E-02  0.543002E+01 -0.743186E-02  0.615243E+00  0.785236E+00  0.262753E+01
  0.750000E+01  0.424550E-02  0.542977E+01 -0.743951E-02  0.615306E+00  0.784781E+00  0.262825E+01
  0.752000E+01  0.424228E-02  0.542960E+01 -0.744358E-02  0.615346E+00  0.784483E+00  0.262873E+01
  0.754000E+01  0.423905E-02  0.542944E+01 -0.744764E-02  0.615387E+00  0.784191E+00  0.262920E+01
  0.756000E+01  0.423582E-02  0.542927E+01 -0.745198E-02  0.615428E+00  0.783902E+00  0.262966E+01
  0.758000E+01  0.423259E-02  0.542911E+01 -0.745701E-02  0.615470E+00  0.783616E+00  0.263013E+01
  0.760000E+01  0.422936E-02  0.542895E+01 -0.746337E-02  0.615515E+00  0.783331E+00  0.263060E+01
  0.763000E+01  0.423028E-02  0.542870E+01 -0.747515E-02  0.615589E+00  0.782901E+00  0.263135E+01
  0.766000E+01  0.423119E-02  0.542845E+01 -0.748822E-02  0.615671E+00  0.782469E+00  0.263213E+01
  0.769000E+01  0.423209E-02  0.542820E+01 -0.750153E-02  0.615762E+00  0.782034E+00  0.263295E+01
  0.772000E+01  0.423298E-02  0.542795E+01 -0.751361E-02  0.615860E+00  0.781601E+00  0.263381E+01
  0.775000E+01  0.423387E-02  0.542771E+01 -0.752310E-02  0.615966E+00  0.781170E+00  0.263469E+01
  0.777000E+01  0.423061E-02  0.542754E+01 -0.753156E-02  0.619137E+00  0.791201E+00  0.263530E+01
  0.779000E+01  0.422734E-02  0.542737E+01 -0.753831E-02  0.622333E+00  0.801228E+00  0.263591E+01
  0.781000E+01  0.422407E-02  0.542720E+01 -0.754326E-02  0.625555E+00  0.811249E+00  0.263653E+01
  0.783000E+01  0.422081E-02  0.542703E+01 -0.754652E-02  0.628801E+00  0.821266E+00  0.263716E+01
  0.785000E+01  0.421753E-02  0.542686E+01 -0.754817E-02  0.632071E+00  0.831277E+00  0.263779E+01
  0.788000E+01  0.421844E-02  0.542659E+01 -0.754196E-02  0.632189E+00  0.830832E+00  0.263873E+01
  0.791000E+01  0.421936E-02  0.542633E+01 -0.753309E-02  0.632305E+00  0.830389E+00  0.263966E+01
  0.794000E+01  0.422029E-02  0.542607E+01 -0.752225E-02  0.632419E+00  0.829946E+00  0.264058E+01
  0.797000E+01  0.422124E-02  0.542580E+01 -0.750979E-02  0.632527E+00  0.829504E+00  0.264148E+01
  0.800000E+01  0.422220E-02  0.542554E+01 -0.749594E-02  0.632629E+00  0.829063E+00  0.264235E+01
  0.802000E+01  0.421895E-02  0.542537E+01 -0.748709E-02  0.632692E+00  0.828768E+00  0.264291E+01
  0.804000E+01  0.421571E-02  0.542519E+01 -0.747955E-02  0.632753E+00  0.828473E+00  0.264346E+01
  0.806000E+01  0.421247E-02  0.542502E+01 -0.747348E-02  0.632813E+00  0.828177E+00  0.264401E+01
  0.808000E+01  0.420923E-02  0.542484E+01 -0.746907E-02  0.632872E+00  0.827878E+00  0.264456E+01
  0.810000E+01  0.420599E-02  0.542467E+01 -0.746654E-02  0.632932E+00  0.827574E+00  0.264512E+01
  0.813000E+01  0.420701E-02  0.542440E+01 -0.746502E-02  0.633025E+00  0.827106E+00  0.264599E+01
  0.816000E+01  0.420802E-02  0.542414E+01 -0.746524E-02  0.633122E+00  0.826621E+00  0.264690E+01
  0.819000E+01  0.420903E-02  0.542388E+01 -0.746704E-02  0.633223E+00  0.826120E+00  0.264784E+01
  0.822000E+01  0.421004E-02  0.542361E+01 -0.746912E-02  0.633326E+00  0.825605E+00  0.264882E+01
  0.825000E+01  0.421105E-02  0.542335E+01 -0.747131E-02  0.633431E+00  0.825078E+00  0.264981E+01
  0.827000E+01  0.420781E-02  0.542318E+01 -0.747643E-02  0.636698E+00  0.834963E+00  0.265049E+01
  0.829000E+01  0.420457E-02  0.542300E+01 -0.748114E-02  0.639987E+00  0.844836E+00  0.265117E+01
  0.831000E+01  0.420132E-02  0.542282E+01 -0.748542E-02  0.643297E+00  0.854698E+00  0.265185E+01
  0.833000E+01  0.419808E-02  0.542264E+01 -0.748930E-02  0.646627E+00  0.864550E+00  0.265254E+01
  0.835000E+01  0.419483E-02  0.542245E+01 -0.749277E-02  0.649976E+00  0.874391E+00  0.265323E+01
  0.838000E+01  0.419585E-02  0.542217E+01 -0.749140E-02  0.650071E+00  0.873801E+00  0.265426E+01
  0.841000E+01  0.419687E-02  0.542189E+01 -0.748950E-02  0.650161E+00  0.873210E+00  0.265527E+01
  0.844000E+01  0.419789E-02  0.542162E+01 -0.748728E-02  0.650246E+00  0.872619E+00  0.265625E+01
  0.847000E+01  0.419893E-02  0.542134E+01 -0.748541E-02  0.650323E+00  0.872031E+00  0.265721E+01
  0.850000E+01  0.419997E-02  0.542106E+01 -0.748448E-02  0.650392E+00  0.871450E+00  0.265812E+01
  0.852000E+01  0.419672E-02  0.542087E+01 -0.748452E-02  0.650434E+00  0.871070E+00  0.265870E+01
  0.854000E+01  0.419348E-02  0.542069E+01 -0.748523E-02  0.650473E+00  0.870695E+00  0.265926E+01
  0.856000E+01  0.419023E-02  0.542050E+01 -0.748647E-02  0.650511E+00  0.870323E+00  0.265982E+01
  0.858000E+01  0.418699E-02  0.542032E+01 -0.748825E-02  0.650550E+00  0.869952E+00  0.266037E+01
  0.860000E+01  0.418374E-02  0.542013E+01 -0.749039E-02  0.650588E+00  0.869580E+00  0.266093E+01
  0.863000E+01  0.418417E-02  0.541986E+01 -0.749414E-02  0.650647E+00  0.869015E+00  0.266177E+01
  0.866000E+01  0.418460E-02  0.541958E+01 -0.749824E-02  0.650707E+00  0.868440E+00  0.266264E+01
  0.869000E+01  0.418502E-02  0.541930E+01 -0.750230E-02  0.650767E+00  0.867858E+00  0.266352E+01
  0.872000E+01  0.418544E-02  0.541902E+01 -0.750635E-02  0.650828E+00  0.867270E+00  0.266441E+01
  0.875000E+01  0.418586E-02  0.541875E+01 -0.751015E-02  0.650888E+00  0.866679E+00  0.266530E+01
  0.877000E+01  0.418261E-02  0.541856E+01 -0.751647E-02  0.654213E+00  0.876449E+00  0.266589E+01
  0.879000E+01  0.417935E-02  0.541837E+01 -0.752291E-02  0.657556E+00  0.886213E+00  0.266647E+01
  0.881000E+01  0.417609E-02  0.541818E+01 -0.752954E-02  0.660918E+00  0.895971E+00  0.266705E+01
  0.883000E+01  0.417282E-02  0.541799E+01 -0.753630E-02  0.664297E+00  0.905725E+00  0.266763E+01
  0.885000E+01  0.416956E-02  0.541780E+01 -0.754333E-02  0.667693E+00  0.915475E+00  0.266818E+01
  0.888000E+01  0.416999E-02  0.541750E+01 -0.754874E-02  0.667731E+00  0.914873E+00  0.266899E+01
  0.891000E+01  0.417042E-02  0.541721E+01 -0.755513E-02  0.667761E+00  0.914282E+00  0.266975E+01
  0.894000E+01  0.417086E-02  0.541692E+01 -0.756237E-02  0.667784E+00  0.913708E+00  0.267046E+01
  0.897000E+01  0.417130E-02  0.541662E+01 -0.757057E-02  0.667799E+00  0.913154E+00  0.267111E+01
  0.900000E+01  0.417174E-02  0.541633E+01 -0.758015E-02  0.667806E+00  0.912624E+00  0.267170E+01
  0.902000E+01  0.416845E-02  0.541614E+01 -0.758712E-02  0.667807E+00  0.912286E+00  0.267206E+01
  0.904000E+01  0.416516E-02  0.541594E+01 -0.759395E-02  0.667806E+00  0.911962E+00  0.267239E+01
  0.906000E+01  0.416187E-02  0.541575E+01 -0.760038E-02  0.667804E+00  0.911646E+00  0.267271E+01
  0.908000E+01  0.415857E-02  0.541555E+01 -0.760622E-02  0.667801E+00  0.911338E+00  0.267301E+01
  0.910000E+01  0.415527E-02  0.541536E+01 -0.761127E-02  0.667799E+00  0.911033E+00  0.267331E+01
  0.913000E+01  0.415529E-02  0.541506E+01 -0.761776E-02  0.667797E+00  0.910574E+00  0.267377E+01
  0.916000E+01  0.415531E-02  0.541477E+01 -0.762328E-02  0.667794E+00  0.910110E+00  0.267423E+01
  0.919000E+01  0.415532E-02  0.541448E+01 -0.762777E-02  0.667791E+00  0.909644E+00  0.267470E+01
  0.922000E+01  0.415533E-02  0.541419E+01 -0.763121E-02  0.667788E+00  0.909179E+00  0.267516E+01
  0.925000E+01  0.415535E-02  0.541389E+01 -0.763349E-02  0.667784E+00  0.908718E+00  0.267561E+01
  0.927000E+01  0.415204E-02  0.541370E+01 -0.763819E-02  0.671151E+00  0.918523E+00  0.267591E+01
  0.929000E+01  0.414872E-02  0.541350E+01 -0.764226E-02  0.674536E+00  0.928328E+00  0.267620E+01
  0.931000E+01  0.414541E-02  0.541330E+01 -0.764564E-02  0.677940E+00  0.938133E+00  0.267648E+01
  0.933000E+01  0.414210E-02  0.541310E+01 -0.764828E-02  0.681361E+00  0.947938E+00  0.267675E+01
  0.935000E+01  0.413878E-02  0.541289E+01 -0.765015E-02  0.684800E+00  0.957744E+00  0.267702E+01
  0.938000E+01  0.413881E-02  0.541259E+01 -0.764572E-02  0.684787E+00  0.957306E+00  0.267740E+01
  0.941000E+01  0.413885E-02  0.541228E+01 -0.763938E-02  0.684773E+00  0.956881E+00  0.267776E+01
  0.944000E+01  0.413890E-02  0.541197E+01 -0.763112E-02  0.684757E+00  0.956469E+00  0.267810E+01
  0.947000E+01  0.413896E-02  0.541166E+01 -0.762093E-02  0.684741E+00  0.956069E+00  0.267842E+01
  0.950000E+01  0.413903E-02  0.541135E+01 -0.760873E-02  0.684724E+00  0.955684E+00  0.267871E+01
  0.952000E+01  0.413574E-02  0.541115E+01 -0.759904E-02  0.684712E+00  0.955437E+00  0.267890E+01
  0.954000E+01  0.413245E-02  0.541094E+01 -0.758765E-02  0.684700E+00  0.955197E+00  0.267907E+01
  0.956000E+01  0.412916E-02  0.541074E+01 -0.757449E-02  0.684690E+00  0.954961E+00  0.267924E+01
  0.958000E+01  0.412588E-02  0.541053E+01 -0.755961E-02  0.684680E+00  0.954729E+00  0.267941E+01
  0.960000E+01  0.412261E-02  0.541033E+01 -0.754310E-02  0.684672E+00  0.954498E+00  0.267959E+01
  0.963000E+01  0.412308E-02  0.541002E+01 -0.751622E-02  0.684662E+00  0.954144E+00  0.267987E+01
  0.966000E+01  0.412358E-02  0.540971E+01 -0.748716E-02  0.684656E+00  0.953779E+00  0.268019E+01
  0.969000E+01  0.412409E-02  0.540941E+01 -0.745559E-02  0.684654E+00  0.953405E+00  0.268052E+01
  0.972000E+01  0.412463E-02  0.540910E+01 -0.742102E-02  0.684655E+00  0.953021E+00  0.268089E+01
  0.975000E+01  0.412519E-02  0.540879E+01 -0.738324E-02  0.684660E+00  0.952628E+00  0.268128E+01
  0.977000E+01  0.412199E-02  0.540858E+01 -0.736004E-02  0.688118E+00  0.962431E+00  0.268156E+01
  0.979000E+01  0.411881E-02  0.540838E+01 -0.733542E-02  0.691595E+00  0.972226E+00  0.268185E+01
  0.981000E+01  0.411564E-02  0.540817E+01 -0.730941E-02  0.695091E+00  0.982016E+00  0.268214E+01
  0.983000E+01  0.411247E-02  0.540795E+01 -0.728198E-02  0.698606E+00  0.991799E+00  0.268244E+01
  0.985000E+01  0.410932E-02  0.540774E+01 -0.725325E-02  0.702138E+00  0.100158E+01  0.268276E+01
  0.988000E+01  0.411003E-02  0.540742E+01 -0.720217E-02  0.702154E+00  0.100114E+01  0.268323E+01
  0.991000E+01  0.411077E-02  0.540709E+01 -0.714888E-02  0.702172E+00  0.100071E+01  0.268373E+01
  0.994000E+01  0.411156E-02  0.540677E+01 -0.709365E-02  0.702191E+00  0.100027E+01  0.268423E+01
  0.997000E+01  0.411238E-02  0.540644E+01 -0.703690E-02  0.702212E+00  0.999822E+00  0.268475E+01
  0.100000E+02  0.411325E-02  0.540612E+01 -0.697917E-02  0.702233E+00  0.999373E+00  0.268527E+01
