!This is the input file for ImpactT. It is generated by GUI.
!If you meet any bug, please contact zhicongliu@lbl.gov

1 1 0
1e-12 2000000 1
6 1 1 0 1 1 0.016
64 64 64 1 0.15 0.15 100000.0
2 0 0 35 3.5e-11
0.0 0.0 0.0 1.0 1.0 0.0 0.0 
0.0 0.0 0.0 1.0 1.0 0.0 0.0 
0.0 0.0 0.0 0.0 1.0 0.0 0.0014 
0.0 0.5 0.511005e+06 -1.0 1300000000.0 0.0

!===========LATTICE===========
0.95335 10 20 105 0.0 60.0e6 1.3e9 256.58194068754403 1.0 0.1 0.0 0.0 0.0 0.0 0.0 723.41511406395 /
0.373562 100 20 103 0.062423 4e7 1.3e9 304.26083070328417 0.2000E+01 0.100000E+00 /
2.0 10 20 105 -0.92425 1.0 1.3e9 280.0 3.0 0.1 0.0 0.0 0.0 0.0 0.0 -613.496916520664 /
