!This is the input file for ImpactT. It is generated by GUI.
!If you meet any bug, please contact zhicongliu@lbl.gov

1 1 0
2e-12 20000 1
6 1600 1 0 3 1 0.02
32 32 32 1 0.015 0.015 10.01
3 0 0 100 1.1e-11
0.0012 0.0 0.0 1.0 1.0 0.0 0.0 
0.0012 0.0 0.0 1.0 1.0 0.0 0.0 
5.934e-06 0.0 0.0 1e-09 1.0 0.0 0.001978 
2.856 1.0 0.511005e+06 -1.0 2856000000.0 0.0

!===========LATTICE===========
0.125985 10 20 105 0.0 57.1946046422954 2856.0e6 115.0 1.0 0.15 0.0 0.0 0.0 0.0 0.0 0.0 /
1.0 10 20 105 0.0 0.0 2856.0e6 34.86 2.0 0.15 0.0 0.0 0.0 0.0 0.0 0.0001 /
0.052464 10 20 105 1.42 25.5e6 2856.0e6 119.0 4.0 0.15 0.0 0.0 0.0 0.0 0.0 0.0 /
2.937928 10 20 105 1.472464 29430178.7820912 2856.0e6 149.0 5.0 0.15 0.0 0.0 0.0 0.0 0.0 0.0 /
2.937928 10 20 105 1.472464 29430178.7820912 2856.0e6 209.0 6.0 0.15 0.0 0.0 0.0 0.0 0.0 0.0 /
0.05246 10 20 105 4.410392 25.5e6 2856.0e6 119.0 7.0 0.15 0.0 0.0 0.0 0.0 0.0 0.0 /
0.537148 10 20 0 4.462852 0.15 /
