!This is the input file for ImpactT. It is generated by GUI.
!If you meet any bug, please contact zhicongliu@lbl.gov

1 1 0
1e-12 1000 1
6 1000 1 0 1 1 0.01
32 32 32 1 0.005 0.005 10000.01
3 0 0 40 1e-11
0.001 0.0 0.0 1.0 1.0 0.0 0.0 
0.001 0.0 0.0 1.0 1.0 0.0 0.0 
2.09835e-06 0.0 0.0 0.0 1.0 0.0 0.0013989 
2.8560499433 0.5 0.511005e+06 -1.0 2856049943.3 0.0

!===========LATTICE===========
0.15 10 20 112 0.0 44.919 2856.0499433e6 -55.14 1.0 0.009 0.0 0.0 0.0 0.0 0.0 /
1.0 10 20 3 0.0 0.000061003 2.0 0.005 0.0 0.0 0.0 0.0 0.0 /
1.0 10 20 0 1.0 0.005 /
